SubjID Var1 Var2 Var3 Patterns FreqPatterns initial_gik1 initial_gik2 initial_gik3 initial_gik4 final_gik1 final_gik2 final_gik3 final_gik4
ID1 3 2 4 324 54 0.25 0.25 0.25 0.25 0 0 0.5814 0.4186
ID10 1 1 3 113 40 0.25 0.25 0.25 0.25 0.4441 0.5559 0 0
ID100 3 1 2 312 41 0.25 0.25 0.25 0.25 0.5733 0 0 0.4267
ID1000 2 1 3 213 55 0.25 0.25 0.25 0.25 0 0.6667 0.3333 0
ID101 3 2 4 324 54 0.25 0.25 0.25 0.25 0 0 0.5814 0.4186
ID102 2 2 3 223 44 0.25 0.25 0.25 0.25 0 0.4173 0.5827 0
ID103 2 1 1 211 52 0.25 0.25 0.25 0.25 0 0 0.3333 0.6667
ID104 3 2 1 321 41 0.25 0.25 0.25 0.25 0 0 0 1
ID105 1 1 3 113 40 0.25 0.25 0.25 0.25 0.4441 0.5559 0 0
ID106 1 1 4 114 45 0.25 0.25 0.25 0.25 1 0 0 0
ID107 3 1 1 311 39 0.25 0.25 0.25 0.25 0 0 0 1
ID108 2 1 1 211 52 0.25 0.25 0.25 0.25 0 0 0.3333 0.6667
ID109 2 1 1 211 52 0.25 0.25 0.25 0.25 0 0 0.3333 0.6667
ID11 2 1 4 214 46 0.25 0.25 0.25 0.25 0.4876 0 0.5124 0
ID110 2 2 2 222 30 0.25 0.25 0.25 0.25 0 0 1 0
ID111 2 1 1 211 52 0.25 0.25 0.25 0.25 0 0 0.3333 0.6667
ID112 2 2 2 222 30 0.25 0.25 0.25 0.25 0 0 1 0
ID113 2 2 3 223 44 0.25 0.25 0.25 0.25 0 0.4173 0.5827 0
ID114 3 1 1 311 39 0.25 0.25 0.25 0.25 0 0 0 1
ID115 2 1 4 214 46 0.25 0.25 0.25 0.25 0.4876 0 0.5124 0
ID116 1 2 4 124 26 0.25 0.25 0.25 0.25 0.4876 0 0.5124 0
ID117 2 2 3 223 44 0.25 0.25 0.25 0.25 0 0.4173 0.5827 0
ID118 2 1 1 211 52 0.25 0.25 0.25 0.25 0 0 0.3333 0.6667
ID119 2 1 3 213 55 0.25 0.25 0.25 0.25 0 0.6667 0.3333 0
ID12 2 1 1 211 52 0.25 0.25 0.25 0.25 0 0 0.3333 0.6667
ID120 3 1 3 313 40 0.25 0.25 0.25 0.25 0 1 0 0
ID121 2 1 2 212 34 0.25 0.25 0.25 0.25 0.5138 0 0.4862 0
ID122 3 1 1 311 39 0.25 0.25 0.25 0.25 0 0 0 1
ID123 2 2 3 223 44 0.25 0.25 0.25 0.25 0 0.4173 0.5827 0
ID124 3 1 3 313 40 0.25 0.25 0.25 0.25 0 1 0 0
ID125 1 1 4 114 45 0.25 0.25 0.25 0.25 1 0 0 0
ID126 3 1 1 311 39 0.25 0.25 0.25 0.25 0 0 0 1
ID127 3 1 2 312 41 0.25 0.25 0.25 0.25 0.5733 0 0 0.4267
ID128 3 2 2 322 41 0.25 0.25 0.25 0.25 0 0 0.5814 0.4186
ID129 1 2 4 124 26 0.25 0.25 0.25 0.25 0.4876 0 0.5124 0
ID13 1 2 2 122 40 0.25 0.25 0.25 0.25 0.5138 0 0.4862 0
ID130 3 2 2 322 41 0.25 0.25 0.25 0.25 0 0 0.5814 0.4186
ID131 3 1 4 314 40 0.25 0.25 0.25 0.25 0.5733 0 0 0.4267
ID132 2 2 3 223 44 0.25 0.25 0.25 0.25 0 0.4173 0.5827 0
ID133 2 1 4 214 46 0.25 0.25 0.25 0.25 0.4876 0 0.5124 0
ID134 2 1 3 213 55 0.25 0.25 0.25 0.25 0 0.6667 0.3333 0
ID135 3 1 4 314 40 0.25 0.25 0.25 0.25 0.5733 0 0 0.4267
ID136 3 1 3 313 40 0.25 0.25 0.25 0.25 0 1 0 0
ID137 3 1 4 314 40 0.25 0.25 0.25 0.25 0.5733 0 0 0.4267
ID138 2 2 1 221 26 0.25 0.25 0.25 0.25 0 0 0.5814 0.4186
ID139 1 2 4 124 26 0.25 0.25 0.25 0.25 0.4876 0 0.5124 0
ID14 2 2 4 224 44 0.25 0.25 0.25 0.25 0 0 1 0
ID140 2 1 2 212 34 0.25 0.25 0.25 0.25 0.5138 0 0.4862 0
ID141 1 1 2 112 34 0.25 0.25 0.25 0.25 1 0 0 0
ID142 3 2 1 321 41 0.25 0.25 0.25 0.25 0 0 0 1
ID143 3 1 1 311 39 0.25 0.25 0.25 0.25 0 0 0 1
ID144 2 2 1 221 26 0.25 0.25 0.25 0.25 0 0 0.5814 0.4186
ID145 1 2 2 122 40 0.25 0.25 0.25 0.25 0.5138 0 0.4862 0
ID146 3 2 3 323 47 0.25 0.25 0.25 0.25 0 1 0 0
ID147 1 1 3 113 40 0.25 0.25 0.25 0.25 0.4441 0.5559 0 0
ID148 3 1 3 313 40 0.25 0.25 0.25 0.25 0 1 0 0
ID149 2 2 4 224 44 0.25 0.25 0.25 0.25 0 0 1 0
ID15 3 1 3 313 40 0.25 0.25 0.25 0.25 0 1 0 0
ID150 2 1 3 213 55 0.25 0.25 0.25 0.25 0 0.6667 0.3333 0
ID151 1 2 1 121 50 0.25 0.25 0.25 0.25 0.3334 0 0.0291 0.6376
ID152 3 1 1 311 39 0.25 0.25 0.25 0.25 0 0 0 1
ID153 2 2 3 223 44 0.25 0.25 0.25 0.25 0 0.4173 0.5827 0
ID154 1 1 1 111 47 0.25 0.25 0.25 0.25 0.5733 0 0 0.4267
ID155 3 1 4 314 40 0.25 0.25 0.25 0.25 0.5733 0 0 0.4267
ID156 3 2 1 321 41 0.25 0.25 0.25 0.25 0 0 0 1
ID157 3 2 4 324 54 0.25 0.25 0.25 0.25 0 0 0.5814 0.4186
ID158 1 2 1 121 50 0.25 0.25 0.25 0.25 0.3334 0 0.0291 0.6376
ID159 2 2 4 224 44 0.25 0.25 0.25 0.25 0 0 1 0
ID16 1 1 3 113 40 0.25 0.25 0.25 0.25 0.4441 0.5559 0 0
ID160 2 2 4 224 44 0.25 0.25 0.25 0.25 0 0 1 0
ID161 1 1 4 114 45 0.25 0.25 0.25 0.25 1 0 0 0
ID162 2 2 3 223 44 0.25 0.25 0.25 0.25 0 0.4173 0.5827 0
ID163 3 1 3 313 40 0.25 0.25 0.25 0.25 0 1 0 0
ID164 3 2 4 324 54 0.25 0.25 0.25 0.25 0 0 0.5814 0.4186
ID165 1 1 4 114 45 0.25 0.25 0.25 0.25 1 0 0 0
ID166 2 2 4 224 44 0.25 0.25 0.25 0.25 0 0 1 0
ID167 1 1 2 112 34 0.25 0.25 0.25 0.25 1 0 0 0
ID168 2 1 3 213 55 0.25 0.25 0.25 0.25 0 0.6667 0.3333 0
ID169 3 2 2 322 41 0.25 0.25 0.25 0.25 0 0 0.5814 0.4186
ID17 3 2 1 321 41 0.25 0.25 0.25 0.25 0 0 0 1
ID170 3 2 4 324 54 0.25 0.25 0.25 0.25 0 0 0.5814 0.4186
ID171 1 1 4 114 45 0.25 0.25 0.25 0.25 1 0 0 0
ID172 3 2 4 324 54 0.25 0.25 0.25 0.25 0 0 0.5814 0.4186
ID173 2 1 4 214 46 0.25 0.25 0.25 0.25 0.4876 0 0.5124 0
ID174 1 1 2 112 34 0.25 0.25 0.25 0.25 1 0 0 0
ID175 1 1 2 112 34 0.25 0.25 0.25 0.25 1 0 0 0
ID176 2 1 2 212 34 0.25 0.25 0.25 0.25 0.5138 0 0.4862 0
ID177 3 2 3 323 47 0.25 0.25 0.25 0.25 0 1 0 0
ID178 1 1 2 112 34 0.25 0.25 0.25 0.25 1 0 0 0
ID179 2 2 4 224 44 0.25 0.25 0.25 0.25 0 0 1 0
ID18 3 2 3 323 47 0.25 0.25 0.25 0.25 0 1 0 0
ID180 2 2 4 224 44 0.25 0.25 0.25 0.25 0 0 1 0
ID181 1 2 3 123 44 0.25 0.25 0.25 0.25 0.0556 0.9444 0 0
ID182 2 2 4 224 44 0.25 0.25 0.25 0.25 0 0 1 0
ID183 1 2 2 122 40 0.25 0.25 0.25 0.25 0.5138 0 0.4862 0
ID184 1 2 1 121 50 0.25 0.25 0.25 0.25 0.3334 0 0.0291 0.6376
ID185 2 1 1 211 52 0.25 0.25 0.25 0.25 0 0 0.3333 0.6667
ID186 1 2 3 123 44 0.25 0.25 0.25 0.25 0.0556 0.9444 0 0
ID187 3 2 1 321 41 0.25 0.25 0.25 0.25 0 0 0 1
ID188 1 2 2 122 40 0.25 0.25 0.25 0.25 0.5138 0 0.4862 0
ID189 1 1 2 112 34 0.25 0.25 0.25 0.25 1 0 0 0
ID19 1 1 3 113 40 0.25 0.25 0.25 0.25 0.4441 0.5559 0 0
ID190 2 1 2 212 34 0.25 0.25 0.25 0.25 0.5138 0 0.4862 0
ID191 1 2 1 121 50 0.25 0.25 0.25 0.25 0.3334 0 0.0291 0.6376
ID192 2 1 3 213 55 0.25 0.25 0.25 0.25 0 0.6667 0.3333 0
ID193 1 1 4 114 45 0.25 0.25 0.25 0.25 1 0 0 0
ID194 1 1 3 113 40 0.25 0.25 0.25 0.25 0.4441 0.5559 0 0
ID195 1 2 2 122 40 0.25 0.25 0.25 0.25 0.5138 0 0.4862 0
ID196 3 2 2 322 41 0.25 0.25 0.25 0.25 0 0 0.5814 0.4186
ID197 3 2 2 322 41 0.25 0.25 0.25 0.25 0 0 0.5814 0.4186
ID198 2 1 4 214 46 0.25 0.25 0.25 0.25 0.4876 0 0.5124 0
ID199 1 1 3 113 40 0.25 0.25 0.25 0.25 0.4441 0.5559 0 0
ID2 3 2 1 321 41 0.25 0.25 0.25 0.25 0 0 0 1
ID20 1 1 4 114 45 0.25 0.25 0.25 0.25 1 0 0 0
ID200 2 1 1 211 52 0.25 0.25 0.25 0.25 0 0 0.3333 0.6667
ID201 3 2 2 322 41 0.25 0.25 0.25 0.25 0 0 0.5814 0.4186
ID202 2 1 3 213 55 0.25 0.25 0.25 0.25 0 0.6667 0.3333 0
ID203 3 2 1 321 41 0.25 0.25 0.25 0.25 0 0 0 1
ID204 2 2 4 224 44 0.25 0.25 0.25 0.25 0 0 1 0
ID205 3 2 3 323 47 0.25 0.25 0.25 0.25 0 1 0 0
ID206 1 1 3 113 40 0.25 0.25 0.25 0.25 0.4441 0.5559 0 0
ID207 1 1 2 112 34 0.25 0.25 0.25 0.25 1 0 0 0
ID208 1 1 3 113 40 0.25 0.25 0.25 0.25 0.4441 0.5559 0 0
ID209 1 1 4 114 45 0.25 0.25 0.25 0.25 1 0 0 0
ID21 1 2 1 121 50 0.25 0.25 0.25 0.25 0.3334 0 0.0291 0.6376
ID210 3 2 3 323 47 0.25 0.25 0.25 0.25 0 1 0 0
ID211 2 2 2 222 30 0.25 0.25 0.25 0.25 0 0 1 0
ID212 1 2 4 124 26 0.25 0.25 0.25 0.25 0.4876 0 0.5124 0
ID213 2 1 1 211 52 0.25 0.25 0.25 0.25 0 0 0.3333 0.6667
ID214 1 2 1 121 50 0.25 0.25 0.25 0.25 0.3334 0 0.0291 0.6376
ID215 3 2 4 324 54 0.25 0.25 0.25 0.25 0 0 0.5814 0.4186
ID216 3 2 3 323 47 0.25 0.25 0.25 0.25 0 1 0 0
ID217 1 2 1 121 50 0.25 0.25 0.25 0.25 0.3334 0 0.0291 0.6376
ID218 2 2 3 223 44 0.25 0.25 0.25 0.25 0 0.4173 0.5827 0
ID219 3 1 3 313 40 0.25 0.25 0.25 0.25 0 1 0 0
ID22 1 2 4 124 26 0.25 0.25 0.25 0.25 0.4876 0 0.5124 0
ID220 1 1 2 112 34 0.25 0.25 0.25 0.25 1 0 0 0
ID221 3 2 3 323 47 0.25 0.25 0.25 0.25 0 1 0 0
ID222 2 2 4 224 44 0.25 0.25 0.25 0.25 0 0 1 0
ID223 1 2 1 121 50 0.25 0.25 0.25 0.25 0.3334 0 0.0291 0.6376
ID224 1 2 1 121 50 0.25 0.25 0.25 0.25 0.3334 0 0.0291 0.6376
ID225 1 1 1 111 47 0.25 0.25 0.25 0.25 0.5733 0 0 0.4267
ID226 1 1 3 113 40 0.25 0.25 0.25 0.25 0.4441 0.5559 0 0
ID227 1 1 1 111 47 0.25 0.25 0.25 0.25 0.5733 0 0 0.4267
ID228 3 1 2 312 41 0.25 0.25 0.25 0.25 0.5733 0 0 0.4267
ID229 2 1 1 211 52 0.25 0.25 0.25 0.25 0 0 0.3333 0.6667
ID23 3 1 1 311 39 0.25 0.25 0.25 0.25 0 0 0 1
ID230 2 2 2 222 30 0.25 0.25 0.25 0.25 0 0 1 0
ID231 2 2 4 224 44 0.25 0.25 0.25 0.25 0 0 1 0
ID232 3 1 1 311 39 0.25 0.25 0.25 0.25 0 0 0 1
ID233 1 2 4 124 26 0.25 0.25 0.25 0.25 0.4876 0 0.5124 0
ID234 2 2 4 224 44 0.25 0.25 0.25 0.25 0 0 1 0
ID235 2 1 2 212 34 0.25 0.25 0.25 0.25 0.5138 0 0.4862 0
ID236 1 2 2 122 40 0.25 0.25 0.25 0.25 0.5138 0 0.4862 0
ID237 2 2 2 222 30 0.25 0.25 0.25 0.25 0 0 1 0
ID238 1 1 4 114 45 0.25 0.25 0.25 0.25 1 0 0 0
ID239 1 2 3 123 44 0.25 0.25 0.25 0.25 0.0556 0.9444 0 0
ID24 2 1 1 211 52 0.25 0.25 0.25 0.25 0 0 0.3333 0.6667
ID240 2 1 3 213 55 0.25 0.25 0.25 0.25 0 0.6667 0.3333 0
ID241 3 2 2 322 41 0.25 0.25 0.25 0.25 0 0 0.5814 0.4186
ID242 1 1 4 114 45 0.25 0.25 0.25 0.25 1 0 0 0
ID243 3 1 2 312 41 0.25 0.25 0.25 0.25 0.5733 0 0 0.4267
ID244 1 2 2 122 40 0.25 0.25 0.25 0.25 0.5138 0 0.4862 0
ID245 2 2 4 224 44 0.25 0.25 0.25 0.25 0 0 1 0
ID246 1 2 3 123 44 0.25 0.25 0.25 0.25 0.0556 0.9444 0 0
ID247 2 1 1 211 52 0.25 0.25 0.25 0.25 0 0 0.3333 0.6667
ID248 2 1 3 213 55 0.25 0.25 0.25 0.25 0 0.6667 0.3333 0
ID249 2 1 4 214 46 0.25 0.25 0.25 0.25 0.4876 0 0.5124 0
ID25 3 1 4 314 40 0.25 0.25 0.25 0.25 0.5733 0 0 0.4267
ID250 3 1 1 311 39 0.25 0.25 0.25 0.25 0 0 0 1
ID251 1 2 2 122 40 0.25 0.25 0.25 0.25 0.5138 0 0.4862 0
ID252 1 2 3 123 44 0.25 0.25 0.25 0.25 0.0556 0.9444 0 0
ID253 1 2 2 122 40 0.25 0.25 0.25 0.25 0.5138 0 0.4862 0
ID254 1 2 2 122 40 0.25 0.25 0.25 0.25 0.5138 0 0.4862 0
ID255 3 2 1 321 41 0.25 0.25 0.25 0.25 0 0 0 1
ID256 1 1 2 112 34 0.25 0.25 0.25 0.25 1 0 0 0
ID257 2 2 4 224 44 0.25 0.25 0.25 0.25 0 0 1 0
ID258 1 1 4 114 45 0.25 0.25 0.25 0.25 1 0 0 0
ID259 2 1 3 213 55 0.25 0.25 0.25 0.25 0 0.6667 0.3333 0
ID26 2 1 2 212 34 0.25 0.25 0.25 0.25 0.5138 0 0.4862 0
ID260 2 2 4 224 44 0.25 0.25 0.25 0.25 0 0 1 0
ID261 1 1 2 112 34 0.25 0.25 0.25 0.25 1 0 0 0
ID262 1 1 3 113 40 0.25 0.25 0.25 0.25 0.4441 0.5559 0 0
ID263 1 1 3 113 40 0.25 0.25 0.25 0.25 0.4441 0.5559 0 0
ID264 1 2 4 124 26 0.25 0.25 0.25 0.25 0.4876 0 0.5124 0
ID265 3 2 2 322 41 0.25 0.25 0.25 0.25 0 0 0.5814 0.4186
ID266 1 1 1 111 47 0.25 0.25 0.25 0.25 0.5733 0 0 0.4267
ID267 1 1 1 111 47 0.25 0.25 0.25 0.25 0.5733 0 0 0.4267
ID268 1 1 2 112 34 0.25 0.25 0.25 0.25 1 0 0 0
ID269 2 1 3 213 55 0.25 0.25 0.25 0.25 0 0.6667 0.3333 0
ID27 1 1 1 111 47 0.25 0.25 0.25 0.25 0.5733 0 0 0.4267
ID270 2 1 2 212 34 0.25 0.25 0.25 0.25 0.5138 0 0.4862 0
ID271 3 2 1 321 41 0.25 0.25 0.25 0.25 0 0 0 1
ID272 2 1 3 213 55 0.25 0.25 0.25 0.25 0 0.6667 0.3333 0
ID273 3 1 1 311 39 0.25 0.25 0.25 0.25 0 0 0 1
ID274 1 2 1 121 50 0.25 0.25 0.25 0.25 0.3334 0 0.0291 0.6376
ID275 1 2 3 123 44 0.25 0.25 0.25 0.25 0.0556 0.9444 0 0
ID276 1 2 1 121 50 0.25 0.25 0.25 0.25 0.3334 0 0.0291 0.6376
ID277 1 2 4 124 26 0.25 0.25 0.25 0.25 0.4876 0 0.5124 0
ID278 1 2 2 122 40 0.25 0.25 0.25 0.25 0.5138 0 0.4862 0
ID279 3 1 4 314 40 0.25 0.25 0.25 0.25 0.5733 0 0 0.4267
ID28 2 2 3 223 44 0.25 0.25 0.25 0.25 0 0.4173 0.5827 0
ID280 1 2 3 123 44 0.25 0.25 0.25 0.25 0.0556 0.9444 0 0
ID281 1 2 4 124 26 0.25 0.25 0.25 0.25 0.4876 0 0.5124 0
ID282 3 1 3 313 40 0.25 0.25 0.25 0.25 0 1 0 0
ID283 3 2 3 323 47 0.25 0.25 0.25 0.25 0 1 0 0
ID284 2 1 3 213 55 0.25 0.25 0.25 0.25 0 0.6667 0.3333 0
ID285 1 2 3 123 44 0.25 0.25 0.25 0.25 0.0556 0.9444 0 0
ID286 1 1 2 112 34 0.25 0.25 0.25 0.25 1 0 0 0
ID287 1 2 1 121 50 0.25 0.25 0.25 0.25 0.3334 0 0.0291 0.6376
ID288 2 1 3 213 55 0.25 0.25 0.25 0.25 0 0.6667 0.3333 0
ID289 1 2 2 122 40 0.25 0.25 0.25 0.25 0.5138 0 0.4862 0
ID29 3 2 4 324 54 0.25 0.25 0.25 0.25 0 0 0.5814 0.4186
ID290 2 1 1 211 52 0.25 0.25 0.25 0.25 0 0 0.3333 0.6667
ID291 1 2 1 121 50 0.25 0.25 0.25 0.25 0.3334 0 0.0291 0.6376
ID292 1 2 3 123 44 0.25 0.25 0.25 0.25 0.0556 0.9444 0 0
ID293 3 1 2 312 41 0.25 0.25 0.25 0.25 0.5733 0 0 0.4267
ID294 3 2 2 322 41 0.25 0.25 0.25 0.25 0 0 0.5814 0.4186
ID295 2 2 4 224 44 0.25 0.25 0.25 0.25 0 0 1 0
ID296 2 1 2 212 34 0.25 0.25 0.25 0.25 0.5138 0 0.4862 0
ID297 1 1 2 112 34 0.25 0.25 0.25 0.25 1 0 0 0
ID298 3 2 2 322 41 0.25 0.25 0.25 0.25 0 0 0.5814 0.4186
ID299 1 1 1 111 47 0.25 0.25 0.25 0.25 0.5733 0 0 0.4267
ID3 3 1 3 313 40 0.25 0.25 0.25 0.25 0 1 0 0
ID30 2 1 1 211 52 0.25 0.25 0.25 0.25 0 0 0.3333 0.6667
ID300 1 1 4 114 45 0.25 0.25 0.25 0.25 1 0 0 0
ID301 2 2 4 224 44 0.25 0.25 0.25 0.25 0 0 1 0
ID302 1 2 3 123 44 0.25 0.25 0.25 0.25 0.0556 0.9444 0 0
ID303 2 1 3 213 55 0.25 0.25 0.25 0.25 0 0.6667 0.3333 0
ID304 2 2 3 223 44 0.25 0.25 0.25 0.25 0 0.4173 0.5827 0
ID305 2 2 2 222 30 0.25 0.25 0.25 0.25 0 0 1 0
ID306 2 2 3 223 44 0.25 0.25 0.25 0.25 0 0.4173 0.5827 0
ID307 3 1 2 312 41 0.25 0.25 0.25 0.25 0.5733 0 0 0.4267
ID308 3 1 1 311 39 0.25 0.25 0.25 0.25 0 0 0 1
ID309 3 1 1 311 39 0.25 0.25 0.25 0.25 0 0 0 1
ID31 1 1 4 114 45 0.25 0.25 0.25 0.25 1 0 0 0
ID310 3 2 4 324 54 0.25 0.25 0.25 0.25 0 0 0.5814 0.4186
ID311 1 2 3 123 44 0.25 0.25 0.25 0.25 0.0556 0.9444 0 0
ID312 3 1 3 313 40 0.25 0.25 0.25 0.25 0 1 0 0
ID313 3 2 4 324 54 0.25 0.25 0.25 0.25 0 0 0.5814 0.4186
ID314 3 2 4 324 54 0.25 0.25 0.25 0.25 0 0 0.5814 0.4186
ID315 2 2 3 223 44 0.25 0.25 0.25 0.25 0 0.4173 0.5827 0
ID316 3 1 2 312 41 0.25 0.25 0.25 0.25 0.5733 0 0 0.4267
ID317 3 1 1 311 39 0.25 0.25 0.25 0.25 0 0 0 1
ID318 3 1 1 311 39 0.25 0.25 0.25 0.25 0 0 0 1
ID319 1 1 1 111 47 0.25 0.25 0.25 0.25 0.5733 0 0 0.4267
ID32 3 2 1 321 41 0.25 0.25 0.25 0.25 0 0 0 1
ID320 1 2 1 121 50 0.25 0.25 0.25 0.25 0.3334 0 0.0291 0.6376
ID321 3 2 1 321 41 0.25 0.25 0.25 0.25 0 0 0 1
ID322 2 1 4 214 46 0.25 0.25 0.25 0.25 0.4876 0 0.5124 0
ID323 3 1 4 314 40 0.25 0.25 0.25 0.25 0.5733 0 0 0.4267
ID324 2 2 2 222 30 0.25 0.25 0.25 0.25 0 0 1 0
ID325 1 1 1 111 47 0.25 0.25 0.25 0.25 0.5733 0 0 0.4267
ID326 2 2 2 222 30 0.25 0.25 0.25 0.25 0 0 1 0
ID327 2 2 2 222 30 0.25 0.25 0.25 0.25 0 0 1 0
ID328 2 1 3 213 55 0.25 0.25 0.25 0.25 0 0.6667 0.3333 0
ID329 1 2 1 121 50 0.25 0.25 0.25 0.25 0.3334 0 0.0291 0.6376
ID33 3 1 3 313 40 0.25 0.25 0.25 0.25 0 1 0 0
ID330 1 1 3 113 40 0.25 0.25 0.25 0.25 0.4441 0.5559 0 0
ID331 1 2 3 123 44 0.25 0.25 0.25 0.25 0.0556 0.9444 0 0
ID332 3 2 1 321 41 0.25 0.25 0.25 0.25 0 0 0 1
ID333 3 2 2 322 41 0.25 0.25 0.25 0.25 0 0 0.5814 0.4186
ID334 1 1 4 114 45 0.25 0.25 0.25 0.25 1 0 0 0
ID335 1 2 3 123 44 0.25 0.25 0.25 0.25 0.0556 0.9444 0 0
ID336 3 1 2 312 41 0.25 0.25 0.25 0.25 0.5733 0 0 0.4267
ID337 1 2 1 121 50 0.25 0.25 0.25 0.25 0.3334 0 0.0291 0.6376
ID338 3 1 3 313 40 0.25 0.25 0.25 0.25 0 1 0 0
ID339 2 1 2 212 34 0.25 0.25 0.25 0.25 0.5138 0 0.4862 0
ID34 1 1 4 114 45 0.25 0.25 0.25 0.25 1 0 0 0
ID340 1 2 1 121 50 0.25 0.25 0.25 0.25 0.3334 0 0.0291 0.6376
ID341 1 1 3 113 40 0.25 0.25 0.25 0.25 0.4441 0.5559 0 0
ID342 3 1 1 311 39 0.25 0.25 0.25 0.25 0 0 0 1
ID343 2 1 2 212 34 0.25 0.25 0.25 0.25 0.5138 0 0.4862 0
ID344 3 2 2 322 41 0.25 0.25 0.25 0.25 0 0 0.5814 0.4186
ID345 2 1 4 214 46 0.25 0.25 0.25 0.25 0.4876 0 0.5124 0
ID346 1 1 4 114 45 0.25 0.25 0.25 0.25 1 0 0 0
ID347 2 1 4 214 46 0.25 0.25 0.25 0.25 0.4876 0 0.5124 0
ID348 3 2 4 324 54 0.25 0.25 0.25 0.25 0 0 0.5814 0.4186
ID349 2 1 1 211 52 0.25 0.25 0.25 0.25 0 0 0.3333 0.6667
ID35 3 1 3 313 40 0.25 0.25 0.25 0.25 0 1 0 0
ID350 3 2 4 324 54 0.25 0.25 0.25 0.25 0 0 0.5814 0.4186
ID351 3 1 4 314 40 0.25 0.25 0.25 0.25 0.5733 0 0 0.4267
ID352 1 1 3 113 40 0.25 0.25 0.25 0.25 0.4441 0.5559 0 0
ID353 2 1 1 211 52 0.25 0.25 0.25 0.25 0 0 0.3333 0.6667
ID354 1 1 3 113 40 0.25 0.25 0.25 0.25 0.4441 0.5559 0 0
ID355 2 1 2 212 34 0.25 0.25 0.25 0.25 0.5138 0 0.4862 0
ID356 2 1 3 213 55 0.25 0.25 0.25 0.25 0 0.6667 0.3333 0
ID357 2 1 3 213 55 0.25 0.25 0.25 0.25 0 0.6667 0.3333 0
ID358 2 2 3 223 44 0.25 0.25 0.25 0.25 0 0.4173 0.5827 0
ID359 1 2 1 121 50 0.25 0.25 0.25 0.25 0.3334 0 0.0291 0.6376
ID36 2 1 1 211 52 0.25 0.25 0.25 0.25 0 0 0.3333 0.6667
ID360 2 1 4 214 46 0.25 0.25 0.25 0.25 0.4876 0 0.5124 0
ID361 1 2 1 121 50 0.25 0.25 0.25 0.25 0.3334 0 0.0291 0.6376
ID362 2 1 4 214 46 0.25 0.25 0.25 0.25 0.4876 0 0.5124 0
ID363 1 1 1 111 47 0.25 0.25 0.25 0.25 0.5733 0 0 0.4267
ID364 3 1 4 314 40 0.25 0.25 0.25 0.25 0.5733 0 0 0.4267
ID365 2 1 1 211 52 0.25 0.25 0.25 0.25 0 0 0.3333 0.6667
ID366 1 2 2 122 40 0.25 0.25 0.25 0.25 0.5138 0 0.4862 0
ID367 3 2 2 322 41 0.25 0.25 0.25 0.25 0 0 0.5814 0.4186
ID368 2 2 1 221 26 0.25 0.25 0.25 0.25 0 0 0.5814 0.4186
ID369 3 1 4 314 40 0.25 0.25 0.25 0.25 0.5733 0 0 0.4267
ID37 1 1 2 112 34 0.25 0.25 0.25 0.25 1 0 0 0
ID370 2 1 1 211 52 0.25 0.25 0.25 0.25 0 0 0.3333 0.6667
ID371 3 2 4 324 54 0.25 0.25 0.25 0.25 0 0 0.5814 0.4186
ID372 3 1 2 312 41 0.25 0.25 0.25 0.25 0.5733 0 0 0.4267
ID373 1 1 1 111 47 0.25 0.25 0.25 0.25 0.5733 0 0 0.4267
ID374 2 1 3 213 55 0.25 0.25 0.25 0.25 0 0.6667 0.3333 0
ID375 3 1 2 312 41 0.25 0.25 0.25 0.25 0.5733 0 0 0.4267
ID376 1 2 1 121 50 0.25 0.25 0.25 0.25 0.3334 0 0.0291 0.6376
ID377 1 1 1 111 47 0.25 0.25 0.25 0.25 0.5733 0 0 0.4267
ID378 3 2 2 322 41 0.25 0.25 0.25 0.25 0 0 0.5814 0.4186
ID379 2 2 1 221 26 0.25 0.25 0.25 0.25 0 0 0.5814 0.4186
ID38 3 2 1 321 41 0.25 0.25 0.25 0.25 0 0 0 1
ID380 3 2 3 323 47 0.25 0.25 0.25 0.25 0 1 0 0
ID381 2 2 3 223 44 0.25 0.25 0.25 0.25 0 0.4173 0.5827 0
ID382 2 2 4 224 44 0.25 0.25 0.25 0.25 0 0 1 0
ID383 2 1 4 214 46 0.25 0.25 0.25 0.25 0.4876 0 0.5124 0
ID384 1 2 1 121 50 0.25 0.25 0.25 0.25 0.3334 0 0.0291 0.6376
ID385 2 1 3 213 55 0.25 0.25 0.25 0.25 0 0.6667 0.3333 0
ID386 1 1 4 114 45 0.25 0.25 0.25 0.25 1 0 0 0
ID387 1 2 4 124 26 0.25 0.25 0.25 0.25 0.4876 0 0.5124 0
ID388 1 1 1 111 47 0.25 0.25 0.25 0.25 0.5733 0 0 0.4267
ID389 2 2 3 223 44 0.25 0.25 0.25 0.25 0 0.4173 0.5827 0
ID39 1 2 4 124 26 0.25 0.25 0.25 0.25 0.4876 0 0.5124 0
ID390 2 1 3 213 55 0.25 0.25 0.25 0.25 0 0.6667 0.3333 0
ID391 3 1 2 312 41 0.25 0.25 0.25 0.25 0.5733 0 0 0.4267
ID392 3 1 2 312 41 0.25 0.25 0.25 0.25 0.5733 0 0 0.4267
ID393 1 1 2 112 34 0.25 0.25 0.25 0.25 1 0 0 0
ID394 2 2 4 224 44 0.25 0.25 0.25 0.25 0 0 1 0
ID395 2 2 4 224 44 0.25 0.25 0.25 0.25 0 0 1 0
ID396 3 2 3 323 47 0.25 0.25 0.25 0.25 0 1 0 0
ID397 3 2 3 323 47 0.25 0.25 0.25 0.25 0 1 0 0
ID398 3 2 3 323 47 0.25 0.25 0.25 0.25 0 1 0 0
ID399 3 2 1 321 41 0.25 0.25 0.25 0.25 0 0 0 1
ID4 2 2 3 223 44 0.25 0.25 0.25 0.25 0 0.4173 0.5827 0
ID40 1 1 1 111 47 0.25 0.25 0.25 0.25 0.5733 0 0 0.4267
ID400 2 1 3 213 55 0.25 0.25 0.25 0.25 0 0.6667 0.3333 0
ID401 1 2 2 122 40 0.25 0.25 0.25 0.25 0.5138 0 0.4862 0
ID402 1 1 1 111 47 0.25 0.25 0.25 0.25 0.5733 0 0 0.4267
ID403 3 2 4 324 54 0.25 0.25 0.25 0.25 0 0 0.5814 0.4186
ID404 1 2 3 123 44 0.25 0.25 0.25 0.25 0.0556 0.9444 0 0
ID405 2 1 4 214 46 0.25 0.25 0.25 0.25 0.4876 0 0.5124 0
ID406 2 2 4 224 44 0.25 0.25 0.25 0.25 0 0 1 0
ID407 3 1 1 311 39 0.25 0.25 0.25 0.25 0 0 0 1
ID408 2 1 4 214 46 0.25 0.25 0.25 0.25 0.4876 0 0.5124 0
ID409 1 2 3 123 44 0.25 0.25 0.25 0.25 0.0556 0.9444 0 0
ID41 2 1 4 214 46 0.25 0.25 0.25 0.25 0.4876 0 0.5124 0
ID410 3 2 3 323 47 0.25 0.25 0.25 0.25 0 1 0 0
ID411 1 1 1 111 47 0.25 0.25 0.25 0.25 0.5733 0 0 0.4267
ID412 1 1 1 111 47 0.25 0.25 0.25 0.25 0.5733 0 0 0.4267
ID413 3 2 4 324 54 0.25 0.25 0.25 0.25 0 0 0.5814 0.4186
ID414 2 1 1 211 52 0.25 0.25 0.25 0.25 0 0 0.3333 0.6667
ID415 1 2 4 124 26 0.25 0.25 0.25 0.25 0.4876 0 0.5124 0
ID416 1 2 1 121 50 0.25 0.25 0.25 0.25 0.3334 0 0.0291 0.6376
ID417 2 1 3 213 55 0.25 0.25 0.25 0.25 0 0.6667 0.3333 0
ID418 2 2 4 224 44 0.25 0.25 0.25 0.25 0 0 1 0
ID419 2 1 2 212 34 0.25 0.25 0.25 0.25 0.5138 0 0.4862 0
ID42 3 1 2 312 41 0.25 0.25 0.25 0.25 0.5733 0 0 0.4267
ID420 2 1 1 211 52 0.25 0.25 0.25 0.25 0 0 0.3333 0.6667
ID421 1 2 2 122 40 0.25 0.25 0.25 0.25 0.5138 0 0.4862 0
ID422 3 2 1 321 41 0.25 0.25 0.25 0.25 0 0 0 1
ID423 3 2 3 323 47 0.25 0.25 0.25 0.25 0 1 0 0
ID424 2 1 1 211 52 0.25 0.25 0.25 0.25 0 0 0.3333 0.6667
ID425 3 2 4 324 54 0.25 0.25 0.25 0.25 0 0 0.5814 0.4186
ID426 3 1 1 311 39 0.25 0.25 0.25 0.25 0 0 0 1
ID427 3 1 4 314 40 0.25 0.25 0.25 0.25 0.5733 0 0 0.4267
ID428 2 2 2 222 30 0.25 0.25 0.25 0.25 0 0 1 0
ID429 3 1 4 314 40 0.25 0.25 0.25 0.25 0.5733 0 0 0.4267
ID43 3 2 2 322 41 0.25 0.25 0.25 0.25 0 0 0.5814 0.4186
ID430 3 1 4 314 40 0.25 0.25 0.25 0.25 0.5733 0 0 0.4267
ID431 2 2 2 222 30 0.25 0.25 0.25 0.25 0 0 1 0
ID432 2 1 4 214 46 0.25 0.25 0.25 0.25 0.4876 0 0.5124 0
ID433 3 1 1 311 39 0.25 0.25 0.25 0.25 0 0 0 1
ID434 2 2 3 223 44 0.25 0.25 0.25 0.25 0 0.4173 0.5827 0
ID435 3 1 4 314 40 0.25 0.25 0.25 0.25 0.5733 0 0 0.4267
ID436 2 1 3 213 55 0.25 0.25 0.25 0.25 0 0.6667 0.3333 0
ID437 2 2 3 223 44 0.25 0.25 0.25 0.25 0 0.4173 0.5827 0
ID438 1 1 1 111 47 0.25 0.25 0.25 0.25 0.5733 0 0 0.4267
ID439 2 1 3 213 55 0.25 0.25 0.25 0.25 0 0.6667 0.3333 0
ID44 1 2 3 123 44 0.25 0.25 0.25 0.25 0.0556 0.9444 0 0
ID440 3 2 4 324 54 0.25 0.25 0.25 0.25 0 0 0.5814 0.4186
ID441 1 2 1 121 50 0.25 0.25 0.25 0.25 0.3334 0 0.0291 0.6376
ID442 1 2 2 122 40 0.25 0.25 0.25 0.25 0.5138 0 0.4862 0
ID443 3 2 1 321 41 0.25 0.25 0.25 0.25 0 0 0 1
ID444 2 1 2 212 34 0.25 0.25 0.25 0.25 0.5138 0 0.4862 0
ID445 1 2 1 121 50 0.25 0.25 0.25 0.25 0.3334 0 0.0291 0.6376
ID446 1 1 4 114 45 0.25 0.25 0.25 0.25 1 0 0 0
ID447 3 1 3 313 40 0.25 0.25 0.25 0.25 0 1 0 0
ID448 3 2 2 322 41 0.25 0.25 0.25 0.25 0 0 0.5814 0.4186
ID449 3 1 2 312 41 0.25 0.25 0.25 0.25 0.5733 0 0 0.4267
ID45 3 2 4 324 54 0.25 0.25 0.25 0.25 0 0 0.5814 0.4186
ID450 1 1 4 114 45 0.25 0.25 0.25 0.25 1 0 0 0
ID451 2 2 2 222 30 0.25 0.25 0.25 0.25 0 0 1 0
ID452 2 2 3 223 44 0.25 0.25 0.25 0.25 0 0.4173 0.5827 0
ID453 3 2 3 323 47 0.25 0.25 0.25 0.25 0 1 0 0
ID454 3 2 4 324 54 0.25 0.25 0.25 0.25 0 0 0.5814 0.4186
ID455 3 1 4 314 40 0.25 0.25 0.25 0.25 0.5733 0 0 0.4267
ID456 3 1 2 312 41 0.25 0.25 0.25 0.25 0.5733 0 0 0.4267
ID457 2 1 3 213 55 0.25 0.25 0.25 0.25 0 0.6667 0.3333 0
ID458 1 1 2 112 34 0.25 0.25 0.25 0.25 1 0 0 0
ID459 3 2 3 323 47 0.25 0.25 0.25 0.25 0 1 0 0
ID46 1 1 2 112 34 0.25 0.25 0.25 0.25 1 0 0 0
ID460 2 1 1 211 52 0.25 0.25 0.25 0.25 0 0 0.3333 0.6667
ID461 1 1 3 113 40 0.25 0.25 0.25 0.25 0.4441 0.5559 0 0
ID462 3 1 1 311 39 0.25 0.25 0.25 0.25 0 0 0 1
ID463 3 2 1 321 41 0.25 0.25 0.25 0.25 0 0 0 1
ID464 3 2 2 322 41 0.25 0.25 0.25 0.25 0 0 0.5814 0.4186
ID465 2 1 1 211 52 0.25 0.25 0.25 0.25 0 0 0.3333 0.6667
ID466 1 2 1 121 50 0.25 0.25 0.25 0.25 0.3334 0 0.0291 0.6376
ID467 2 1 2 212 34 0.25 0.25 0.25 0.25 0.5138 0 0.4862 0
ID468 3 1 4 314 40 0.25 0.25 0.25 0.25 0.5733 0 0 0.4267
ID469 1 2 1 121 50 0.25 0.25 0.25 0.25 0.3334 0 0.0291 0.6376
ID47 3 1 2 312 41 0.25 0.25 0.25 0.25 0.5733 0 0 0.4267
ID470 2 2 3 223 44 0.25 0.25 0.25 0.25 0 0.4173 0.5827 0
ID471 1 1 4 114 45 0.25 0.25 0.25 0.25 1 0 0 0
ID472 2 1 2 212 34 0.25 0.25 0.25 0.25 0.5138 0 0.4862 0
ID473 2 1 2 212 34 0.25 0.25 0.25 0.25 0.5138 0 0.4862 0
ID474 3 2 3 323 47 0.25 0.25 0.25 0.25 0 1 0 0
ID475 2 2 2 222 30 0.25 0.25 0.25 0.25 0 0 1 0
ID476 2 1 1 211 52 0.25 0.25 0.25 0.25 0 0 0.3333 0.6667
ID477 2 2 3 223 44 0.25 0.25 0.25 0.25 0 0.4173 0.5827 0
ID478 2 2 3 223 44 0.25 0.25 0.25 0.25 0 0.4173 0.5827 0
ID479 2 2 1 221 26 0.25 0.25 0.25 0.25 0 0 0.5814 0.4186
ID48 2 2 3 223 44 0.25 0.25 0.25 0.25 0 0.4173 0.5827 0
ID480 3 2 4 324 54 0.25 0.25 0.25 0.25 0 0 0.5814 0.4186
ID481 1 1 4 114 45 0.25 0.25 0.25 0.25 1 0 0 0
ID482 1 2 1 121 50 0.25 0.25 0.25 0.25 0.3334 0 0.0291 0.6376
ID483 3 1 3 313 40 0.25 0.25 0.25 0.25 0 1 0 0
ID484 3 2 4 324 54 0.25 0.25 0.25 0.25 0 0 0.5814 0.4186
ID485 3 1 4 314 40 0.25 0.25 0.25 0.25 0.5733 0 0 0.4267
ID486 3 2 1 321 41 0.25 0.25 0.25 0.25 0 0 0 1
ID487 2 1 1 211 52 0.25 0.25 0.25 0.25 0 0 0.3333 0.6667
ID488 1 1 4 114 45 0.25 0.25 0.25 0.25 1 0 0 0
ID489 1 2 1 121 50 0.25 0.25 0.25 0.25 0.3334 0 0.0291 0.6376
ID49 1 1 2 112 34 0.25 0.25 0.25 0.25 1 0 0 0
ID490 3 1 3 313 40 0.25 0.25 0.25 0.25 0 1 0 0
ID491 2 2 2 222 30 0.25 0.25 0.25 0.25 0 0 1 0
ID492 2 1 1 211 52 0.25 0.25 0.25 0.25 0 0 0.3333 0.6667
ID493 3 2 1 321 41 0.25 0.25 0.25 0.25 0 0 0 1
ID494 1 1 3 113 40 0.25 0.25 0.25 0.25 0.4441 0.5559 0 0
ID495 3 2 1 321 41 0.25 0.25 0.25 0.25 0 0 0 1
ID496 3 2 1 321 41 0.25 0.25 0.25 0.25 0 0 0 1
ID497 1 1 4 114 45 0.25 0.25 0.25 0.25 1 0 0 0
ID498 1 2 1 121 50 0.25 0.25 0.25 0.25 0.3334 0 0.0291 0.6376
ID499 3 2 4 324 54 0.25 0.25 0.25 0.25 0 0 0.5814 0.4186
ID5 3 2 2 322 41 0.25 0.25 0.25 0.25 0 0 0.5814 0.4186
ID50 2 2 1 221 26 0.25 0.25 0.25 0.25 0 0 0.5814 0.4186
ID500 3 1 4 314 40 0.25 0.25 0.25 0.25 0.5733 0 0 0.4267
ID501 2 1 4 214 46 0.25 0.25 0.25 0.25 0.4876 0 0.5124 0
ID502 2 1 1 211 52 0.25 0.25 0.25 0.25 0 0 0.3333 0.6667
ID503 3 1 4 314 40 0.25 0.25 0.25 0.25 0.5733 0 0 0.4267
ID504 2 1 1 211 52 0.25 0.25 0.25 0.25 0 0 0.3333 0.6667
ID505 3 2 2 322 41 0.25 0.25 0.25 0.25 0 0 0.5814 0.4186
ID506 3 2 4 324 54 0.25 0.25 0.25 0.25 0 0 0.5814 0.4186
ID507 2 1 3 213 55 0.25 0.25 0.25 0.25 0 0.6667 0.3333 0
ID508 3 1 3 313 40 0.25 0.25 0.25 0.25 0 1 0 0
ID509 3 1 1 311 39 0.25 0.25 0.25 0.25 0 0 0 1
ID51 1 1 4 114 45 0.25 0.25 0.25 0.25 1 0 0 0
ID510 1 2 4 124 26 0.25 0.25 0.25 0.25 0.4876 0 0.5124 0
ID511 3 1 4 314 40 0.25 0.25 0.25 0.25 0.5733 0 0 0.4267
ID512 1 1 1 111 47 0.25 0.25 0.25 0.25 0.5733 0 0 0.4267
ID513 2 2 3 223 44 0.25 0.25 0.25 0.25 0 0.4173 0.5827 0
ID514 1 2 2 122 40 0.25 0.25 0.25 0.25 0.5138 0 0.4862 0
ID515 3 2 4 324 54 0.25 0.25 0.25 0.25 0 0 0.5814 0.4186
ID516 3 1 1 311 39 0.25 0.25 0.25 0.25 0 0 0 1
ID517 2 1 3 213 55 0.25 0.25 0.25 0.25 0 0.6667 0.3333 0
ID518 2 1 4 214 46 0.25 0.25 0.25 0.25 0.4876 0 0.5124 0
ID519 1 2 2 122 40 0.25 0.25 0.25 0.25 0.5138 0 0.4862 0
ID52 1 1 1 111 47 0.25 0.25 0.25 0.25 0.5733 0 0 0.4267
ID520 2 1 2 212 34 0.25 0.25 0.25 0.25 0.5138 0 0.4862 0
ID521 3 2 3 323 47 0.25 0.25 0.25 0.25 0 1 0 0
ID522 3 1 2 312 41 0.25 0.25 0.25 0.25 0.5733 0 0 0.4267
ID523 3 1 4 314 40 0.25 0.25 0.25 0.25 0.5733 0 0 0.4267
ID524 2 2 1 221 26 0.25 0.25 0.25 0.25 0 0 0.5814 0.4186
ID525 1 2 1 121 50 0.25 0.25 0.25 0.25 0.3334 0 0.0291 0.6376
ID526 2 2 1 221 26 0.25 0.25 0.25 0.25 0 0 0.5814 0.4186
ID527 3 1 1 311 39 0.25 0.25 0.25 0.25 0 0 0 1
ID528 2 2 1 221 26 0.25 0.25 0.25 0.25 0 0 0.5814 0.4186
ID529 3 2 2 322 41 0.25 0.25 0.25 0.25 0 0 0.5814 0.4186
ID53 3 1 1 311 39 0.25 0.25 0.25 0.25 0 0 0 1
ID530 3 2 4 324 54 0.25 0.25 0.25 0.25 0 0 0.5814 0.4186
ID531 1 2 1 121 50 0.25 0.25 0.25 0.25 0.3334 0 0.0291 0.6376
ID532 2 1 3 213 55 0.25 0.25 0.25 0.25 0 0.6667 0.3333 0
ID533 2 2 1 221 26 0.25 0.25 0.25 0.25 0 0 0.5814 0.4186
ID534 2 2 3 223 44 0.25 0.25 0.25 0.25 0 0.4173 0.5827 0
ID535 2 1 4 214 46 0.25 0.25 0.25 0.25 0.4876 0 0.5124 0
ID536 2 2 4 224 44 0.25 0.25 0.25 0.25 0 0 1 0
ID537 1 2 2 122 40 0.25 0.25 0.25 0.25 0.5138 0 0.4862 0
ID538 1 2 3 123 44 0.25 0.25 0.25 0.25 0.0556 0.9444 0 0
ID539 3 2 4 324 54 0.25 0.25 0.25 0.25 0 0 0.5814 0.4186
ID54 1 2 3 123 44 0.25 0.25 0.25 0.25 0.0556 0.9444 0 0
ID540 1 1 1 111 47 0.25 0.25 0.25 0.25 0.5733 0 0 0.4267
ID541 3 1 3 313 40 0.25 0.25 0.25 0.25 0 1 0 0
ID542 3 1 2 312 41 0.25 0.25 0.25 0.25 0.5733 0 0 0.4267
ID543 2 2 1 221 26 0.25 0.25 0.25 0.25 0 0 0.5814 0.4186
ID544 3 1 3 313 40 0.25 0.25 0.25 0.25 0 1 0 0
ID545 2 1 2 212 34 0.25 0.25 0.25 0.25 0.5138 0 0.4862 0
ID546 1 2 3 123 44 0.25 0.25 0.25 0.25 0.0556 0.9444 0 0
ID547 1 2 3 123 44 0.25 0.25 0.25 0.25 0.0556 0.9444 0 0
ID548 2 1 2 212 34 0.25 0.25 0.25 0.25 0.5138 0 0.4862 0
ID549 1 1 1 111 47 0.25 0.25 0.25 0.25 0.5733 0 0 0.4267
ID55 2 2 4 224 44 0.25 0.25 0.25 0.25 0 0 1 0
ID550 3 1 4 314 40 0.25 0.25 0.25 0.25 0.5733 0 0 0.4267
ID551 2 2 1 221 26 0.25 0.25 0.25 0.25 0 0 0.5814 0.4186
ID552 2 2 1 221 26 0.25 0.25 0.25 0.25 0 0 0.5814 0.4186
ID553 3 2 2 322 41 0.25 0.25 0.25 0.25 0 0 0.5814 0.4186
ID554 1 1 4 114 45 0.25 0.25 0.25 0.25 1 0 0 0
ID555 1 2 1 121 50 0.25 0.25 0.25 0.25 0.3334 0 0.0291 0.6376
ID556 2 2 2 222 30 0.25 0.25 0.25 0.25 0 0 1 0
ID557 3 2 1 321 41 0.25 0.25 0.25 0.25 0 0 0 1
ID558 1 2 2 122 40 0.25 0.25 0.25 0.25 0.5138 0 0.4862 0
ID559 1 2 4 124 26 0.25 0.25 0.25 0.25 0.4876 0 0.5124 0
ID56 1 1 2 112 34 0.25 0.25 0.25 0.25 1 0 0 0
ID560 3 2 3 323 47 0.25 0.25 0.25 0.25 0 1 0 0
ID561 3 2 3 323 47 0.25 0.25 0.25 0.25 0 1 0 0
ID562 2 1 3 213 55 0.25 0.25 0.25 0.25 0 0.6667 0.3333 0
ID563 1 1 4 114 45 0.25 0.25 0.25 0.25 1 0 0 0
ID564 3 1 1 311 39 0.25 0.25 0.25 0.25 0 0 0 1
ID565 3 1 1 311 39 0.25 0.25 0.25 0.25 0 0 0 1
ID566 3 1 2 312 41 0.25 0.25 0.25 0.25 0.5733 0 0 0.4267
ID567 1 2 1 121 50 0.25 0.25 0.25 0.25 0.3334 0 0.0291 0.6376
ID568 3 1 2 312 41 0.25 0.25 0.25 0.25 0.5733 0 0 0.4267
ID569 3 1 1 311 39 0.25 0.25 0.25 0.25 0 0 0 1
ID57 1 1 4 114 45 0.25 0.25 0.25 0.25 1 0 0 0
ID570 1 1 1 111 47 0.25 0.25 0.25 0.25 0.5733 0 0 0.4267
ID571 2 1 1 211 52 0.25 0.25 0.25 0.25 0 0 0.3333 0.6667
ID572 1 1 2 112 34 0.25 0.25 0.25 0.25 1 0 0 0
ID573 2 1 2 212 34 0.25 0.25 0.25 0.25 0.5138 0 0.4862 0
ID574 2 1 4 214 46 0.25 0.25 0.25 0.25 0.4876 0 0.5124 0
ID575 1 1 4 114 45 0.25 0.25 0.25 0.25 1 0 0 0
ID576 3 2 4 324 54 0.25 0.25 0.25 0.25 0 0 0.5814 0.4186
ID577 1 1 3 113 40 0.25 0.25 0.25 0.25 0.4441 0.5559 0 0
ID578 2 1 4 214 46 0.25 0.25 0.25 0.25 0.4876 0 0.5124 0
ID579 2 1 3 213 55 0.25 0.25 0.25 0.25 0 0.6667 0.3333 0
ID58 3 1 3 313 40 0.25 0.25 0.25 0.25 0 1 0 0
ID580 1 1 4 114 45 0.25 0.25 0.25 0.25 1 0 0 0
ID581 2 1 3 213 55 0.25 0.25 0.25 0.25 0 0.6667 0.3333 0
ID582 1 1 1 111 47 0.25 0.25 0.25 0.25 0.5733 0 0 0.4267
ID583 1 1 1 111 47 0.25 0.25 0.25 0.25 0.5733 0 0 0.4267
ID584 2 2 2 222 30 0.25 0.25 0.25 0.25 0 0 1 0
ID585 2 2 1 221 26 0.25 0.25 0.25 0.25 0 0 0.5814 0.4186
ID586 2 1 4 214 46 0.25 0.25 0.25 0.25 0.4876 0 0.5124 0
ID587 2 1 1 211 52 0.25 0.25 0.25 0.25 0 0 0.3333 0.6667
ID588 3 2 1 321 41 0.25 0.25 0.25 0.25 0 0 0 1
ID589 1 1 4 114 45 0.25 0.25 0.25 0.25 1 0 0 0
ID59 1 2 4 124 26 0.25 0.25 0.25 0.25 0.4876 0 0.5124 0
ID590 1 1 2 112 34 0.25 0.25 0.25 0.25 1 0 0 0
ID591 1 2 1 121 50 0.25 0.25 0.25 0.25 0.3334 0 0.0291 0.6376
ID592 1 1 1 111 47 0.25 0.25 0.25 0.25 0.5733 0 0 0.4267
ID593 3 2 1 321 41 0.25 0.25 0.25 0.25 0 0 0 1
ID594 2 1 1 211 52 0.25 0.25 0.25 0.25 0 0 0.3333 0.6667
ID595 1 2 3 123 44 0.25 0.25 0.25 0.25 0.0556 0.9444 0 0
ID596 1 1 2 112 34 0.25 0.25 0.25 0.25 1 0 0 0
ID597 3 1 2 312 41 0.25 0.25 0.25 0.25 0.5733 0 0 0.4267
ID598 3 2 1 321 41 0.25 0.25 0.25 0.25 0 0 0 1
ID599 1 2 4 124 26 0.25 0.25 0.25 0.25 0.4876 0 0.5124 0
ID6 2 2 4 224 44 0.25 0.25 0.25 0.25 0 0 1 0
ID60 2 1 4 214 46 0.25 0.25 0.25 0.25 0.4876 0 0.5124 0
ID600 1 1 2 112 34 0.25 0.25 0.25 0.25 1 0 0 0
ID601 2 2 4 224 44 0.25 0.25 0.25 0.25 0 0 1 0
ID602 3 1 2 312 41 0.25 0.25 0.25 0.25 0.5733 0 0 0.4267
ID603 1 2 1 121 50 0.25 0.25 0.25 0.25 0.3334 0 0.0291 0.6376
ID604 1 2 3 123 44 0.25 0.25 0.25 0.25 0.0556 0.9444 0 0
ID605 3 1 3 313 40 0.25 0.25 0.25 0.25 0 1 0 0
ID606 1 2 2 122 40 0.25 0.25 0.25 0.25 0.5138 0 0.4862 0
ID607 2 1 4 214 46 0.25 0.25 0.25 0.25 0.4876 0 0.5124 0
ID608 2 1 3 213 55 0.25 0.25 0.25 0.25 0 0.6667 0.3333 0
ID609 3 2 2 322 41 0.25 0.25 0.25 0.25 0 0 0.5814 0.4186
ID61 1 2 3 123 44 0.25 0.25 0.25 0.25 0.0556 0.9444 0 0
ID610 1 1 1 111 47 0.25 0.25 0.25 0.25 0.5733 0 0 0.4267
ID611 3 1 1 311 39 0.25 0.25 0.25 0.25 0 0 0 1
ID612 1 2 3 123 44 0.25 0.25 0.25 0.25 0.0556 0.9444 0 0
ID613 3 1 4 314 40 0.25 0.25 0.25 0.25 0.5733 0 0 0.4267
ID614 3 1 2 312 41 0.25 0.25 0.25 0.25 0.5733 0 0 0.4267
ID615 1 2 2 122 40 0.25 0.25 0.25 0.25 0.5138 0 0.4862 0
ID616 3 2 4 324 54 0.25 0.25 0.25 0.25 0 0 0.5814 0.4186
ID617 3 2 4 324 54 0.25 0.25 0.25 0.25 0 0 0.5814 0.4186
ID618 3 1 3 313 40 0.25 0.25 0.25 0.25 0 1 0 0
ID619 3 1 3 313 40 0.25 0.25 0.25 0.25 0 1 0 0
ID62 3 2 2 322 41 0.25 0.25 0.25 0.25 0 0 0.5814 0.4186
ID620 3 1 4 314 40 0.25 0.25 0.25 0.25 0.5733 0 0 0.4267
ID621 2 1 3 213 55 0.25 0.25 0.25 0.25 0 0.6667 0.3333 0
ID622 3 2 2 322 41 0.25 0.25 0.25 0.25 0 0 0.5814 0.4186
ID623 2 2 4 224 44 0.25 0.25 0.25 0.25 0 0 1 0
ID624 3 2 1 321 41 0.25 0.25 0.25 0.25 0 0 0 1
ID625 2 2 2 222 30 0.25 0.25 0.25 0.25 0 0 1 0
ID626 1 2 1 121 50 0.25 0.25 0.25 0.25 0.3334 0 0.0291 0.6376
ID627 1 2 3 123 44 0.25 0.25 0.25 0.25 0.0556 0.9444 0 0
ID628 3 1 4 314 40 0.25 0.25 0.25 0.25 0.5733 0 0 0.4267
ID629 1 2 3 123 44 0.25 0.25 0.25 0.25 0.0556 0.9444 0 0
ID63 1 2 2 122 40 0.25 0.25 0.25 0.25 0.5138 0 0.4862 0
ID630 2 2 2 222 30 0.25 0.25 0.25 0.25 0 0 1 0
ID631 1 2 1 121 50 0.25 0.25 0.25 0.25 0.3334 0 0.0291 0.6376
ID632 2 1 4 214 46 0.25 0.25 0.25 0.25 0.4876 0 0.5124 0
ID633 2 2 1 221 26 0.25 0.25 0.25 0.25 0 0 0.5814 0.4186
ID634 1 1 4 114 45 0.25 0.25 0.25 0.25 1 0 0 0
ID635 1 2 1 121 50 0.25 0.25 0.25 0.25 0.3334 0 0.0291 0.6376
ID636 2 1 4 214 46 0.25 0.25 0.25 0.25 0.4876 0 0.5124 0
ID637 3 2 3 323 47 0.25 0.25 0.25 0.25 0 1 0 0
ID638 1 1 2 112 34 0.25 0.25 0.25 0.25 1 0 0 0
ID639 2 1 3 213 55 0.25 0.25 0.25 0.25 0 0.6667 0.3333 0
ID64 3 1 2 312 41 0.25 0.25 0.25 0.25 0.5733 0 0 0.4267
ID640 1 1 1 111 47 0.25 0.25 0.25 0.25 0.5733 0 0 0.4267
ID641 2 1 3 213 55 0.25 0.25 0.25 0.25 0 0.6667 0.3333 0
ID642 3 2 4 324 54 0.25 0.25 0.25 0.25 0 0 0.5814 0.4186
ID643 2 1 1 211 52 0.25 0.25 0.25 0.25 0 0 0.3333 0.6667
ID644 2 2 2 222 30 0.25 0.25 0.25 0.25 0 0 1 0
ID645 3 2 3 323 47 0.25 0.25 0.25 0.25 0 1 0 0
ID646 1 2 4 124 26 0.25 0.25 0.25 0.25 0.4876 0 0.5124 0
ID647 2 2 2 222 30 0.25 0.25 0.25 0.25 0 0 1 0
ID648 3 1 4 314 40 0.25 0.25 0.25 0.25 0.5733 0 0 0.4267
ID649 3 1 3 313 40 0.25 0.25 0.25 0.25 0 1 0 0
ID65 2 2 4 224 44 0.25 0.25 0.25 0.25 0 0 1 0
ID650 1 1 1 111 47 0.25 0.25 0.25 0.25 0.5733 0 0 0.4267
ID651 3 2 3 323 47 0.25 0.25 0.25 0.25 0 1 0 0
ID652 1 1 4 114 45 0.25 0.25 0.25 0.25 1 0 0 0
ID653 1 1 3 113 40 0.25 0.25 0.25 0.25 0.4441 0.5559 0 0
ID654 3 2 2 322 41 0.25 0.25 0.25 0.25 0 0 0.5814 0.4186
ID655 1 1 3 113 40 0.25 0.25 0.25 0.25 0.4441 0.5559 0 0
ID656 1 1 3 113 40 0.25 0.25 0.25 0.25 0.4441 0.5559 0 0
ID657 3 2 4 324 54 0.25 0.25 0.25 0.25 0 0 0.5814 0.4186
ID658 1 1 1 111 47 0.25 0.25 0.25 0.25 0.5733 0 0 0.4267
ID659 1 2 3 123 44 0.25 0.25 0.25 0.25 0.0556 0.9444 0 0
ID66 3 2 4 324 54 0.25 0.25 0.25 0.25 0 0 0.5814 0.4186
ID660 1 1 1 111 47 0.25 0.25 0.25 0.25 0.5733 0 0 0.4267
ID661 2 2 4 224 44 0.25 0.25 0.25 0.25 0 0 1 0
ID662 2 1 3 213 55 0.25 0.25 0.25 0.25 0 0.6667 0.3333 0
ID663 2 2 2 222 30 0.25 0.25 0.25 0.25 0 0 1 0
ID664 2 2 4 224 44 0.25 0.25 0.25 0.25 0 0 1 0
ID665 3 1 2 312 41 0.25 0.25 0.25 0.25 0.5733 0 0 0.4267
ID666 3 2 4 324 54 0.25 0.25 0.25 0.25 0 0 0.5814 0.4186
ID667 2 1 3 213 55 0.25 0.25 0.25 0.25 0 0.6667 0.3333 0
ID668 1 1 1 111 47 0.25 0.25 0.25 0.25 0.5733 0 0 0.4267
ID669 3 1 1 311 39 0.25 0.25 0.25 0.25 0 0 0 1
ID67 2 1 1 211 52 0.25 0.25 0.25 0.25 0 0 0.3333 0.6667
ID670 1 2 4 124 26 0.25 0.25 0.25 0.25 0.4876 0 0.5124 0
ID671 3 2 3 323 47 0.25 0.25 0.25 0.25 0 1 0 0
ID672 3 1 2 312 41 0.25 0.25 0.25 0.25 0.5733 0 0 0.4267
ID673 3 2 4 324 54 0.25 0.25 0.25 0.25 0 0 0.5814 0.4186
ID674 1 2 1 121 50 0.25 0.25 0.25 0.25 0.3334 0 0.0291 0.6376
ID675 2 1 3 213 55 0.25 0.25 0.25 0.25 0 0.6667 0.3333 0
ID676 3 2 2 322 41 0.25 0.25 0.25 0.25 0 0 0.5814 0.4186
ID677 3 1 2 312 41 0.25 0.25 0.25 0.25 0.5733 0 0 0.4267
ID678 1 1 2 112 34 0.25 0.25 0.25 0.25 1 0 0 0
ID679 1 1 3 113 40 0.25 0.25 0.25 0.25 0.4441 0.5559 0 0
ID68 2 1 3 213 55 0.25 0.25 0.25 0.25 0 0.6667 0.3333 0
ID680 1 1 4 114 45 0.25 0.25 0.25 0.25 1 0 0 0
ID681 3 2 2 322 41 0.25 0.25 0.25 0.25 0 0 0.5814 0.4186
ID682 3 2 3 323 47 0.25 0.25 0.25 0.25 0 1 0 0
ID683 1 1 2 112 34 0.25 0.25 0.25 0.25 1 0 0 0
ID684 1 1 1 111 47 0.25 0.25 0.25 0.25 0.5733 0 0 0.4267
ID685 2 1 1 211 52 0.25 0.25 0.25 0.25 0 0 0.3333 0.6667
ID686 3 2 1 321 41 0.25 0.25 0.25 0.25 0 0 0 1
ID687 3 1 4 314 40 0.25 0.25 0.25 0.25 0.5733 0 0 0.4267
ID688 2 1 2 212 34 0.25 0.25 0.25 0.25 0.5138 0 0.4862 0
ID689 1 1 3 113 40 0.25 0.25 0.25 0.25 0.4441 0.5559 0 0
ID69 3 1 3 313 40 0.25 0.25 0.25 0.25 0 1 0 0
ID690 3 2 3 323 47 0.25 0.25 0.25 0.25 0 1 0 0
ID691 1 2 3 123 44 0.25 0.25 0.25 0.25 0.0556 0.9444 0 0
ID692 1 1 4 114 45 0.25 0.25 0.25 0.25 1 0 0 0
ID693 3 2 4 324 54 0.25 0.25 0.25 0.25 0 0 0.5814 0.4186
ID694 2 1 2 212 34 0.25 0.25 0.25 0.25 0.5138 0 0.4862 0
ID695 3 2 2 322 41 0.25 0.25 0.25 0.25 0 0 0.5814 0.4186
ID696 3 2 1 321 41 0.25 0.25 0.25 0.25 0 0 0 1
ID697 3 2 4 324 54 0.25 0.25 0.25 0.25 0 0 0.5814 0.4186
ID698 2 2 2 222 30 0.25 0.25 0.25 0.25 0 0 1 0
ID699 1 1 3 113 40 0.25 0.25 0.25 0.25 0.4441 0.5559 0 0
ID7 2 2 1 221 26 0.25 0.25 0.25 0.25 0 0 0.5814 0.4186
ID70 2 1 4 214 46 0.25 0.25 0.25 0.25 0.4876 0 0.5124 0
ID700 3 1 1 311 39 0.25 0.25 0.25 0.25 0 0 0 1
ID701 3 1 2 312 41 0.25 0.25 0.25 0.25 0.5733 0 0 0.4267
ID702 2 2 3 223 44 0.25 0.25 0.25 0.25 0 0.4173 0.5827 0
ID703 2 1 1 211 52 0.25 0.25 0.25 0.25 0 0 0.3333 0.6667
ID704 2 2 3 223 44 0.25 0.25 0.25 0.25 0 0.4173 0.5827 0
ID705 3 1 3 313 40 0.25 0.25 0.25 0.25 0 1 0 0
ID706 3 2 3 323 47 0.25 0.25 0.25 0.25 0 1 0 0
ID707 2 2 1 221 26 0.25 0.25 0.25 0.25 0 0 0.5814 0.4186
ID708 1 1 1 111 47 0.25 0.25 0.25 0.25 0.5733 0 0 0.4267
ID709 1 2 3 123 44 0.25 0.25 0.25 0.25 0.0556 0.9444 0 0
ID71 2 2 3 223 44 0.25 0.25 0.25 0.25 0 0.4173 0.5827 0
ID710 1 1 2 112 34 0.25 0.25 0.25 0.25 1 0 0 0
ID711 2 2 4 224 44 0.25 0.25 0.25 0.25 0 0 1 0
ID712 1 1 3 113 40 0.25 0.25 0.25 0.25 0.4441 0.5559 0 0
ID713 2 2 1 221 26 0.25 0.25 0.25 0.25 0 0 0.5814 0.4186
ID714 2 1 1 211 52 0.25 0.25 0.25 0.25 0 0 0.3333 0.6667
ID715 3 1 4 314 40 0.25 0.25 0.25 0.25 0.5733 0 0 0.4267
ID716 3 1 4 314 40 0.25 0.25 0.25 0.25 0.5733 0 0 0.4267
ID717 3 2 4 324 54 0.25 0.25 0.25 0.25 0 0 0.5814 0.4186
ID718 3 2 1 321 41 0.25 0.25 0.25 0.25 0 0 0 1
ID719 2 1 1 211 52 0.25 0.25 0.25 0.25 0 0 0.3333 0.6667
ID72 3 1 3 313 40 0.25 0.25 0.25 0.25 0 1 0 0
ID720 2 2 1 221 26 0.25 0.25 0.25 0.25 0 0 0.5814 0.4186
ID721 2 1 4 214 46 0.25 0.25 0.25 0.25 0.4876 0 0.5124 0
ID722 3 2 3 323 47 0.25 0.25 0.25 0.25 0 1 0 0
ID723 3 2 3 323 47 0.25 0.25 0.25 0.25 0 1 0 0
ID724 3 2 4 324 54 0.25 0.25 0.25 0.25 0 0 0.5814 0.4186
ID725 1 2 4 124 26 0.25 0.25 0.25 0.25 0.4876 0 0.5124 0
ID726 3 1 3 313 40 0.25 0.25 0.25 0.25 0 1 0 0
ID727 1 1 4 114 45 0.25 0.25 0.25 0.25 1 0 0 0
ID728 3 1 3 313 40 0.25 0.25 0.25 0.25 0 1 0 0
ID729 2 1 2 212 34 0.25 0.25 0.25 0.25 0.5138 0 0.4862 0
ID73 3 1 4 314 40 0.25 0.25 0.25 0.25 0.5733 0 0 0.4267
ID730 1 2 3 123 44 0.25 0.25 0.25 0.25 0.0556 0.9444 0 0
ID731 1 2 3 123 44 0.25 0.25 0.25 0.25 0.0556 0.9444 0 0
ID732 1 2 1 121 50 0.25 0.25 0.25 0.25 0.3334 0 0.0291 0.6376
ID733 3 2 1 321 41 0.25 0.25 0.25 0.25 0 0 0 1
ID734 1 2 4 124 26 0.25 0.25 0.25 0.25 0.4876 0 0.5124 0
ID735 2 1 2 212 34 0.25 0.25 0.25 0.25 0.5138 0 0.4862 0
ID736 1 2 1 121 50 0.25 0.25 0.25 0.25 0.3334 0 0.0291 0.6376
ID737 3 2 3 323 47 0.25 0.25 0.25 0.25 0 1 0 0
ID738 3 1 2 312 41 0.25 0.25 0.25 0.25 0.5733 0 0 0.4267
ID739 3 1 1 311 39 0.25 0.25 0.25 0.25 0 0 0 1
ID74 1 1 2 112 34 0.25 0.25 0.25 0.25 1 0 0 0
ID740 2 1 3 213 55 0.25 0.25 0.25 0.25 0 0.6667 0.3333 0
ID741 3 2 1 321 41 0.25 0.25 0.25 0.25 0 0 0 1
ID742 2 1 1 211 52 0.25 0.25 0.25 0.25 0 0 0.3333 0.6667
ID743 1 2 3 123 44 0.25 0.25 0.25 0.25 0.0556 0.9444 0 0
ID744 3 1 4 314 40 0.25 0.25 0.25 0.25 0.5733 0 0 0.4267
ID745 2 2 4 224 44 0.25 0.25 0.25 0.25 0 0 1 0
ID746 2 1 3 213 55 0.25 0.25 0.25 0.25 0 0.6667 0.3333 0
ID747 1 1 2 112 34 0.25 0.25 0.25 0.25 1 0 0 0
ID748 2 1 4 214 46 0.25 0.25 0.25 0.25 0.4876 0 0.5124 0
ID749 1 1 1 111 47 0.25 0.25 0.25 0.25 0.5733 0 0 0.4267
ID75 2 1 2 212 34 0.25 0.25 0.25 0.25 0.5138 0 0.4862 0
ID750 2 1 4 214 46 0.25 0.25 0.25 0.25 0.4876 0 0.5124 0
ID751 3 2 3 323 47 0.25 0.25 0.25 0.25 0 1 0 0
ID752 3 2 3 323 47 0.25 0.25 0.25 0.25 0 1 0 0
ID753 2 2 2 222 30 0.25 0.25 0.25 0.25 0 0 1 0
ID754 2 1 4 214 46 0.25 0.25 0.25 0.25 0.4876 0 0.5124 0
ID755 1 1 3 113 40 0.25 0.25 0.25 0.25 0.4441 0.5559 0 0
ID756 2 2 4 224 44 0.25 0.25 0.25 0.25 0 0 1 0
ID757 3 1 4 314 40 0.25 0.25 0.25 0.25 0.5733 0 0 0.4267
ID758 2 2 3 223 44 0.25 0.25 0.25 0.25 0 0.4173 0.5827 0
ID759 3 1 3 313 40 0.25 0.25 0.25 0.25 0 1 0 0
ID76 2 1 1 211 52 0.25 0.25 0.25 0.25 0 0 0.3333 0.6667
ID760 1 1 1 111 47 0.25 0.25 0.25 0.25 0.5733 0 0 0.4267
ID761 2 1 2 212 34 0.25 0.25 0.25 0.25 0.5138 0 0.4862 0
ID762 3 2 3 323 47 0.25 0.25 0.25 0.25 0 1 0 0
ID763 1 1 4 114 45 0.25 0.25 0.25 0.25 1 0 0 0
ID764 2 2 3 223 44 0.25 0.25 0.25 0.25 0 0.4173 0.5827 0
ID765 3 1 2 312 41 0.25 0.25 0.25 0.25 0.5733 0 0 0.4267
ID766 2 2 3 223 44 0.25 0.25 0.25 0.25 0 0.4173 0.5827 0
ID767 1 1 1 111 47 0.25 0.25 0.25 0.25 0.5733 0 0 0.4267
ID768 3 2 1 321 41 0.25 0.25 0.25 0.25 0 0 0 1
ID769 3 1 4 314 40 0.25 0.25 0.25 0.25 0.5733 0 0 0.4267
ID77 1 2 4 124 26 0.25 0.25 0.25 0.25 0.4876 0 0.5124 0
ID770 3 1 3 313 40 0.25 0.25 0.25 0.25 0 1 0 0
ID771 1 2 2 122 40 0.25 0.25 0.25 0.25 0.5138 0 0.4862 0
ID772 3 2 2 322 41 0.25 0.25 0.25 0.25 0 0 0.5814 0.4186
ID773 2 1 1 211 52 0.25 0.25 0.25 0.25 0 0 0.3333 0.6667
ID774 2 1 1 211 52 0.25 0.25 0.25 0.25 0 0 0.3333 0.6667
ID775 2 1 1 211 52 0.25 0.25 0.25 0.25 0 0 0.3333 0.6667
ID776 3 2 4 324 54 0.25 0.25 0.25 0.25 0 0 0.5814 0.4186
ID777 1 1 4 114 45 0.25 0.25 0.25 0.25 1 0 0 0
ID778 1 2 3 123 44 0.25 0.25 0.25 0.25 0.0556 0.9444 0 0
ID779 2 2 4 224 44 0.25 0.25 0.25 0.25 0 0 1 0
ID78 2 2 2 222 30 0.25 0.25 0.25 0.25 0 0 1 0
ID780 2 1 1 211 52 0.25 0.25 0.25 0.25 0 0 0.3333 0.6667
ID781 3 2 1 321 41 0.25 0.25 0.25 0.25 0 0 0 1
ID782 2 2 3 223 44 0.25 0.25 0.25 0.25 0 0.4173 0.5827 0
ID783 2 2 2 222 30 0.25 0.25 0.25 0.25 0 0 1 0
ID784 1 1 3 113 40 0.25 0.25 0.25 0.25 0.4441 0.5559 0 0
ID785 3 2 2 322 41 0.25 0.25 0.25 0.25 0 0 0.5814 0.4186
ID786 1 2 3 123 44 0.25 0.25 0.25 0.25 0.0556 0.9444 0 0
ID787 3 2 3 323 47 0.25 0.25 0.25 0.25 0 1 0 0
ID788 3 2 3 323 47 0.25 0.25 0.25 0.25 0 1 0 0
ID789 3 2 1 321 41 0.25 0.25 0.25 0.25 0 0 0 1
ID79 1 1 3 113 40 0.25 0.25 0.25 0.25 0.4441 0.5559 0 0
ID790 3 2 4 324 54 0.25 0.25 0.25 0.25 0 0 0.5814 0.4186
ID791 2 1 4 214 46 0.25 0.25 0.25 0.25 0.4876 0 0.5124 0
ID792 2 2 2 222 30 0.25 0.25 0.25 0.25 0 0 1 0
ID793 1 1 3 113 40 0.25 0.25 0.25 0.25 0.4441 0.5559 0 0
ID794 1 1 1 111 47 0.25 0.25 0.25 0.25 0.5733 0 0 0.4267
ID795 3 1 3 313 40 0.25 0.25 0.25 0.25 0 1 0 0
ID796 2 2 3 223 44 0.25 0.25 0.25 0.25 0 0.4173 0.5827 0
ID797 1 1 3 113 40 0.25 0.25 0.25 0.25 0.4441 0.5559 0 0
ID798 2 1 1 211 52 0.25 0.25 0.25 0.25 0 0 0.3333 0.6667
ID799 2 1 4 214 46 0.25 0.25 0.25 0.25 0.4876 0 0.5124 0
ID8 2 1 3 213 55 0.25 0.25 0.25 0.25 0 0.6667 0.3333 0
ID80 1 2 1 121 50 0.25 0.25 0.25 0.25 0.3334 0 0.0291 0.6376
ID800 2 1 3 213 55 0.25 0.25 0.25 0.25 0 0.6667 0.3333 0
ID801 1 1 1 111 47 0.25 0.25 0.25 0.25 0.5733 0 0 0.4267
ID802 3 2 3 323 47 0.25 0.25 0.25 0.25 0 1 0 0
ID803 3 1 4 314 40 0.25 0.25 0.25 0.25 0.5733 0 0 0.4267
ID804 2 2 3 223 44 0.25 0.25 0.25 0.25 0 0.4173 0.5827 0
ID805 2 1 4 214 46 0.25 0.25 0.25 0.25 0.4876 0 0.5124 0
ID806 2 1 3 213 55 0.25 0.25 0.25 0.25 0 0.6667 0.3333 0
ID807 1 2 1 121 50 0.25 0.25 0.25 0.25 0.3334 0 0.0291 0.6376
ID808 3 2 1 321 41 0.25 0.25 0.25 0.25 0 0 0 1
ID809 1 1 3 113 40 0.25 0.25 0.25 0.25 0.4441 0.5559 0 0
ID81 2 2 3 223 44 0.25 0.25 0.25 0.25 0 0.4173 0.5827 0
ID810 2 1 1 211 52 0.25 0.25 0.25 0.25 0 0 0.3333 0.6667
ID811 3 1 2 312 41 0.25 0.25 0.25 0.25 0.5733 0 0 0.4267
ID812 1 2 3 123 44 0.25 0.25 0.25 0.25 0.0556 0.9444 0 0
ID813 1 1 1 111 47 0.25 0.25 0.25 0.25 0.5733 0 0 0.4267
ID814 2 2 1 221 26 0.25 0.25 0.25 0.25 0 0 0.5814 0.4186
ID815 3 1 4 314 40 0.25 0.25 0.25 0.25 0.5733 0 0 0.4267
ID816 1 2 1 121 50 0.25 0.25 0.25 0.25 0.3334 0 0.0291 0.6376
ID817 2 2 4 224 44 0.25 0.25 0.25 0.25 0 0 1 0
ID818 1 2 3 123 44 0.25 0.25 0.25 0.25 0.0556 0.9444 0 0
ID819 1 1 3 113 40 0.25 0.25 0.25 0.25 0.4441 0.5559 0 0
ID82 3 1 2 312 41 0.25 0.25 0.25 0.25 0.5733 0 0 0.4267
ID820 3 2 3 323 47 0.25 0.25 0.25 0.25 0 1 0 0
ID821 3 1 4 314 40 0.25 0.25 0.25 0.25 0.5733 0 0 0.4267
ID822 3 2 4 324 54 0.25 0.25 0.25 0.25 0 0 0.5814 0.4186
ID823 3 2 2 322 41 0.25 0.25 0.25 0.25 0 0 0.5814 0.4186
ID824 3 2 4 324 54 0.25 0.25 0.25 0.25 0 0 0.5814 0.4186
ID825 2 2 1 221 26 0.25 0.25 0.25 0.25 0 0 0.5814 0.4186
ID826 3 1 2 312 41 0.25 0.25 0.25 0.25 0.5733 0 0 0.4267
ID827 2 1 4 214 46 0.25 0.25 0.25 0.25 0.4876 0 0.5124 0
ID828 3 2 2 322 41 0.25 0.25 0.25 0.25 0 0 0.5814 0.4186
ID829 2 1 3 213 55 0.25 0.25 0.25 0.25 0 0.6667 0.3333 0
ID83 3 1 3 313 40 0.25 0.25 0.25 0.25 0 1 0 0
ID830 3 1 3 313 40 0.25 0.25 0.25 0.25 0 1 0 0
ID831 2 1 2 212 34 0.25 0.25 0.25 0.25 0.5138 0 0.4862 0
ID832 2 1 3 213 55 0.25 0.25 0.25 0.25 0 0.6667 0.3333 0
ID833 3 1 1 311 39 0.25 0.25 0.25 0.25 0 0 0 1
ID834 2 2 4 224 44 0.25 0.25 0.25 0.25 0 0 1 0
ID835 1 1 4 114 45 0.25 0.25 0.25 0.25 1 0 0 0
ID836 3 2 3 323 47 0.25 0.25 0.25 0.25 0 1 0 0
ID837 1 1 1 111 47 0.25 0.25 0.25 0.25 0.5733 0 0 0.4267
ID838 3 2 4 324 54 0.25 0.25 0.25 0.25 0 0 0.5814 0.4186
ID839 2 1 2 212 34 0.25 0.25 0.25 0.25 0.5138 0 0.4862 0
ID84 1 1 2 112 34 0.25 0.25 0.25 0.25 1 0 0 0
ID840 1 1 4 114 45 0.25 0.25 0.25 0.25 1 0 0 0
ID841 1 1 4 114 45 0.25 0.25 0.25 0.25 1 0 0 0
ID842 3 1 1 311 39 0.25 0.25 0.25 0.25 0 0 0 1
ID843 1 2 2 122 40 0.25 0.25 0.25 0.25 0.5138 0 0.4862 0
ID844 2 2 3 223 44 0.25 0.25 0.25 0.25 0 0.4173 0.5827 0
ID845 3 2 1 321 41 0.25 0.25 0.25 0.25 0 0 0 1
ID846 3 1 1 311 39 0.25 0.25 0.25 0.25 0 0 0 1
ID847 2 1 1 211 52 0.25 0.25 0.25 0.25 0 0 0.3333 0.6667
ID848 2 2 1 221 26 0.25 0.25 0.25 0.25 0 0 0.5814 0.4186
ID849 2 1 3 213 55 0.25 0.25 0.25 0.25 0 0.6667 0.3333 0
ID85 2 1 1 211 52 0.25 0.25 0.25 0.25 0 0 0.3333 0.6667
ID850 3 1 1 311 39 0.25 0.25 0.25 0.25 0 0 0 1
ID851 3 1 2 312 41 0.25 0.25 0.25 0.25 0.5733 0 0 0.4267
ID852 3 1 1 311 39 0.25 0.25 0.25 0.25 0 0 0 1
ID853 2 2 3 223 44 0.25 0.25 0.25 0.25 0 0.4173 0.5827 0
ID854 1 1 3 113 40 0.25 0.25 0.25 0.25 0.4441 0.5559 0 0
ID855 3 1 3 313 40 0.25 0.25 0.25 0.25 0 1 0 0
ID856 3 1 3 313 40 0.25 0.25 0.25 0.25 0 1 0 0
ID857 3 1 1 311 39 0.25 0.25 0.25 0.25 0 0 0 1
ID858 3 2 4 324 54 0.25 0.25 0.25 0.25 0 0 0.5814 0.4186
ID859 3 1 2 312 41 0.25 0.25 0.25 0.25 0.5733 0 0 0.4267
ID86 1 2 1 121 50 0.25 0.25 0.25 0.25 0.3334 0 0.0291 0.6376
ID860 3 2 1 321 41 0.25 0.25 0.25 0.25 0 0 0 1
ID861 1 2 2 122 40 0.25 0.25 0.25 0.25 0.5138 0 0.4862 0
ID862 1 1 2 112 34 0.25 0.25 0.25 0.25 1 0 0 0
ID863 1 1 4 114 45 0.25 0.25 0.25 0.25 1 0 0 0
ID864 1 2 3 123 44 0.25 0.25 0.25 0.25 0.0556 0.9444 0 0
ID865 1 2 2 122 40 0.25 0.25 0.25 0.25 0.5138 0 0.4862 0
ID866 2 2 1 221 26 0.25 0.25 0.25 0.25 0 0 0.5814 0.4186
ID867 1 1 3 113 40 0.25 0.25 0.25 0.25 0.4441 0.5559 0 0
ID868 2 1 1 211 52 0.25 0.25 0.25 0.25 0 0 0.3333 0.6667
ID869 2 2 3 223 44 0.25 0.25 0.25 0.25 0 0.4173 0.5827 0
ID87 2 1 1 211 52 0.25 0.25 0.25 0.25 0 0 0.3333 0.6667
ID870 3 1 4 314 40 0.25 0.25 0.25 0.25 0.5733 0 0 0.4267
ID871 3 2 1 321 41 0.25 0.25 0.25 0.25 0 0 0 1
ID872 1 2 2 122 40 0.25 0.25 0.25 0.25 0.5138 0 0.4862 0
ID873 2 1 3 213 55 0.25 0.25 0.25 0.25 0 0.6667 0.3333 0
ID874 2 2 4 224 44 0.25 0.25 0.25 0.25 0 0 1 0
ID875 1 2 2 122 40 0.25 0.25 0.25 0.25 0.5138 0 0.4862 0
ID876 3 1 3 313 40 0.25 0.25 0.25 0.25 0 1 0 0
ID877 3 2 4 324 54 0.25 0.25 0.25 0.25 0 0 0.5814 0.4186
ID878 2 1 4 214 46 0.25 0.25 0.25 0.25 0.4876 0 0.5124 0
ID879 1 1 2 112 34 0.25 0.25 0.25 0.25 1 0 0 0
ID88 1 2 2 122 40 0.25 0.25 0.25 0.25 0.5138 0 0.4862 0
ID880 3 2 4 324 54 0.25 0.25 0.25 0.25 0 0 0.5814 0.4186
ID881 2 1 2 212 34 0.25 0.25 0.25 0.25 0.5138 0 0.4862 0
ID882 1 2 2 122 40 0.25 0.25 0.25 0.25 0.5138 0 0.4862 0
ID883 3 2 3 323 47 0.25 0.25 0.25 0.25 0 1 0 0
ID884 2 1 4 214 46 0.25 0.25 0.25 0.25 0.4876 0 0.5124 0
ID885 2 1 4 214 46 0.25 0.25 0.25 0.25 0.4876 0 0.5124 0
ID886 2 1 2 212 34 0.25 0.25 0.25 0.25 0.5138 0 0.4862 0
ID887 2 1 2 212 34 0.25 0.25 0.25 0.25 0.5138 0 0.4862 0
ID888 2 2 4 224 44 0.25 0.25 0.25 0.25 0 0 1 0
ID889 1 2 3 123 44 0.25 0.25 0.25 0.25 0.0556 0.9444 0 0
ID89 3 1 1 311 39 0.25 0.25 0.25 0.25 0 0 0 1
ID890 1 1 4 114 45 0.25 0.25 0.25 0.25 1 0 0 0
ID891 3 1 3 313 40 0.25 0.25 0.25 0.25 0 1 0 0
ID892 1 2 3 123 44 0.25 0.25 0.25 0.25 0.0556 0.9444 0 0
ID893 1 2 4 124 26 0.25 0.25 0.25 0.25 0.4876 0 0.5124 0
ID894 3 1 2 312 41 0.25 0.25 0.25 0.25 0.5733 0 0 0.4267
ID895 1 1 3 113 40 0.25 0.25 0.25 0.25 0.4441 0.5559 0 0
ID896 2 2 1 221 26 0.25 0.25 0.25 0.25 0 0 0.5814 0.4186
ID897 3 2 2 322 41 0.25 0.25 0.25 0.25 0 0 0.5814 0.4186
ID898 3 2 2 322 41 0.25 0.25 0.25 0.25 0 0 0.5814 0.4186
ID899 2 2 2 222 30 0.25 0.25 0.25 0.25 0 0 1 0
ID9 3 1 3 313 40 0.25 0.25 0.25 0.25 0 1 0 0
ID90 3 1 2 312 41 0.25 0.25 0.25 0.25 0.5733 0 0 0.4267
ID900 2 1 4 214 46 0.25 0.25 0.25 0.25 0.4876 0 0.5124 0
ID901 1 2 3 123 44 0.25 0.25 0.25 0.25 0.0556 0.9444 0 0
ID902 3 2 1 321 41 0.25 0.25 0.25 0.25 0 0 0 1
ID903 3 2 4 324 54 0.25 0.25 0.25 0.25 0 0 0.5814 0.4186
ID904 1 2 1 121 50 0.25 0.25 0.25 0.25 0.3334 0 0.0291 0.6376
ID905 3 2 4 324 54 0.25 0.25 0.25 0.25 0 0 0.5814 0.4186
ID906 1 1 3 113 40 0.25 0.25 0.25 0.25 0.4441 0.5559 0 0
ID907 1 1 1 111 47 0.25 0.25 0.25 0.25 0.5733 0 0 0.4267
ID908 2 1 2 212 34 0.25 0.25 0.25 0.25 0.5138 0 0.4862 0
ID909 1 2 1 121 50 0.25 0.25 0.25 0.25 0.3334 0 0.0291 0.6376
ID91 2 2 1 221 26 0.25 0.25 0.25 0.25 0 0 0.5814 0.4186
ID910 1 1 4 114 45 0.25 0.25 0.25 0.25 1 0 0 0
ID911 1 1 1 111 47 0.25 0.25 0.25 0.25 0.5733 0 0 0.4267
ID912 1 2 3 123 44 0.25 0.25 0.25 0.25 0.0556 0.9444 0 0
ID913 1 1 1 111 47 0.25 0.25 0.25 0.25 0.5733 0 0 0.4267
ID914 1 2 1 121 50 0.25 0.25 0.25 0.25 0.3334 0 0.0291 0.6376
ID915 3 1 2 312 41 0.25 0.25 0.25 0.25 0.5733 0 0 0.4267
ID916 3 2 4 324 54 0.25 0.25 0.25 0.25 0 0 0.5814 0.4186
ID917 1 1 2 112 34 0.25 0.25 0.25 0.25 1 0 0 0
ID918 1 1 3 113 40 0.25 0.25 0.25 0.25 0.4441 0.5559 0 0
ID919 3 2 3 323 47 0.25 0.25 0.25 0.25 0 1 0 0
ID92 3 2 3 323 47 0.25 0.25 0.25 0.25 0 1 0 0
ID920 2 1 4 214 46 0.25 0.25 0.25 0.25 0.4876 0 0.5124 0
ID921 2 1 3 213 55 0.25 0.25 0.25 0.25 0 0.6667 0.3333 0
ID922 3 2 4 324 54 0.25 0.25 0.25 0.25 0 0 0.5814 0.4186
ID923 3 2 3 323 47 0.25 0.25 0.25 0.25 0 1 0 0
ID924 2 1 3 213 55 0.25 0.25 0.25 0.25 0 0.6667 0.3333 0
ID925 3 2 2 322 41 0.25 0.25 0.25 0.25 0 0 0.5814 0.4186
ID926 3 1 1 311 39 0.25 0.25 0.25 0.25 0 0 0 1
ID927 1 2 4 124 26 0.25 0.25 0.25 0.25 0.4876 0 0.5124 0
ID928 2 1 4 214 46 0.25 0.25 0.25 0.25 0.4876 0 0.5124 0
ID929 2 1 4 214 46 0.25 0.25 0.25 0.25 0.4876 0 0.5124 0
ID93 1 2 1 121 50 0.25 0.25 0.25 0.25 0.3334 0 0.0291 0.6376
ID930 2 1 4 214 46 0.25 0.25 0.25 0.25 0.4876 0 0.5124 0
ID931 2 1 2 212 34 0.25 0.25 0.25 0.25 0.5138 0 0.4862 0
ID932 1 2 4 124 26 0.25 0.25 0.25 0.25 0.4876 0 0.5124 0
ID933 1 1 3 113 40 0.25 0.25 0.25 0.25 0.4441 0.5559 0 0
ID934 2 1 3 213 55 0.25 0.25 0.25 0.25 0 0.6667 0.3333 0
ID935 2 2 2 222 30 0.25 0.25 0.25 0.25 0 0 1 0
ID936 1 1 4 114 45 0.25 0.25 0.25 0.25 1 0 0 0
ID937 3 1 2 312 41 0.25 0.25 0.25 0.25 0.5733 0 0 0.4267
ID938 1 2 2 122 40 0.25 0.25 0.25 0.25 0.5138 0 0.4862 0
ID939 3 2 2 322 41 0.25 0.25 0.25 0.25 0 0 0.5814 0.4186
ID94 2 2 3 223 44 0.25 0.25 0.25 0.25 0 0.4173 0.5827 0
ID940 3 2 2 322 41 0.25 0.25 0.25 0.25 0 0 0.5814 0.4186
ID941 2 2 3 223 44 0.25 0.25 0.25 0.25 0 0.4173 0.5827 0
ID942 3 2 3 323 47 0.25 0.25 0.25 0.25 0 1 0 0
ID943 3 2 2 322 41 0.25 0.25 0.25 0.25 0 0 0.5814 0.4186
ID944 3 2 3 323 47 0.25 0.25 0.25 0.25 0 1 0 0
ID945 1 1 1 111 47 0.25 0.25 0.25 0.25 0.5733 0 0 0.4267
ID946 3 2 4 324 54 0.25 0.25 0.25 0.25 0 0 0.5814 0.4186
ID947 1 1 1 111 47 0.25 0.25 0.25 0.25 0.5733 0 0 0.4267
ID948 3 1 4 314 40 0.25 0.25 0.25 0.25 0.5733 0 0 0.4267
ID949 1 1 3 113 40 0.25 0.25 0.25 0.25 0.4441 0.5559 0 0
ID95 2 1 4 214 46 0.25 0.25 0.25 0.25 0.4876 0 0.5124 0
ID950 1 2 2 122 40 0.25 0.25 0.25 0.25 0.5138 0 0.4862 0
ID951 2 2 1 221 26 0.25 0.25 0.25 0.25 0 0 0.5814 0.4186
ID952 2 2 4 224 44 0.25 0.25 0.25 0.25 0 0 1 0
ID953 1 2 3 123 44 0.25 0.25 0.25 0.25 0.0556 0.9444 0 0
ID954 1 1 2 112 34 0.25 0.25 0.25 0.25 1 0 0 0
ID955 1 2 4 124 26 0.25 0.25 0.25 0.25 0.4876 0 0.5124 0
ID956 3 1 3 313 40 0.25 0.25 0.25 0.25 0 1 0 0
ID957 1 2 1 121 50 0.25 0.25 0.25 0.25 0.3334 0 0.0291 0.6376
ID958 1 2 2 122 40 0.25 0.25 0.25 0.25 0.5138 0 0.4862 0
ID959 2 1 2 212 34 0.25 0.25 0.25 0.25 0.5138 0 0.4862 0
ID96 3 2 3 323 47 0.25 0.25 0.25 0.25 0 1 0 0
ID960 1 2 3 123 44 0.25 0.25 0.25 0.25 0.0556 0.9444 0 0
ID961 1 2 2 122 40 0.25 0.25 0.25 0.25 0.5138 0 0.4862 0
ID962 3 1 4 314 40 0.25 0.25 0.25 0.25 0.5733 0 0 0.4267
ID963 2 1 3 213 55 0.25 0.25 0.25 0.25 0 0.6667 0.3333 0
ID964 3 2 3 323 47 0.25 0.25 0.25 0.25 0 1 0 0
ID965 2 2 3 223 44 0.25 0.25 0.25 0.25 0 0.4173 0.5827 0
ID966 3 2 2 322 41 0.25 0.25 0.25 0.25 0 0 0.5814 0.4186
ID967 1 2 4 124 26 0.25 0.25 0.25 0.25 0.4876 0 0.5124 0
ID968 2 2 3 223 44 0.25 0.25 0.25 0.25 0 0.4173 0.5827 0
ID969 2 2 2 222 30 0.25 0.25 0.25 0.25 0 0 1 0
ID97 2 2 4 224 44 0.25 0.25 0.25 0.25 0 0 1 0
ID970 2 1 4 214 46 0.25 0.25 0.25 0.25 0.4876 0 0.5124 0
ID971 2 2 3 223 44 0.25 0.25 0.25 0.25 0 0.4173 0.5827 0
ID972 2 2 3 223 44 0.25 0.25 0.25 0.25 0 0.4173 0.5827 0
ID973 1 1 4 114 45 0.25 0.25 0.25 0.25 1 0 0 0
ID974 3 1 1 311 39 0.25 0.25 0.25 0.25 0 0 0 1
ID975 2 2 4 224 44 0.25 0.25 0.25 0.25 0 0 1 0
ID976 3 2 1 321 41 0.25 0.25 0.25 0.25 0 0 0 1
ID977 2 2 4 224 44 0.25 0.25 0.25 0.25 0 0 1 0
ID978 1 2 2 122 40 0.25 0.25 0.25 0.25 0.5138 0 0.4862 0
ID979 3 1 2 312 41 0.25 0.25 0.25 0.25 0.5733 0 0 0.4267
ID98 1 2 2 122 40 0.25 0.25 0.25 0.25 0.5138 0 0.4862 0
ID980 2 1 3 213 55 0.25 0.25 0.25 0.25 0 0.6667 0.3333 0
ID981 3 1 4 314 40 0.25 0.25 0.25 0.25 0.5733 0 0 0.4267
ID982 2 1 4 214 46 0.25 0.25 0.25 0.25 0.4876 0 0.5124 0
ID983 3 1 2 312 41 0.25 0.25 0.25 0.25 0.5733 0 0 0.4267
ID984 3 2 4 324 54 0.25 0.25 0.25 0.25 0 0 0.5814 0.4186
ID985 2 2 4 224 44 0.25 0.25 0.25 0.25 0 0 1 0
ID986 2 2 4 224 44 0.25 0.25 0.25 0.25 0 0 1 0
ID987 2 2 2 222 30 0.25 0.25 0.25 0.25 0 0 1 0
ID988 3 2 2 322 41 0.25 0.25 0.25 0.25 0 0 0.5814 0.4186
ID989 1 2 2 122 40 0.25 0.25 0.25 0.25 0.5138 0 0.4862 0
ID99 3 2 2 322 41 0.25 0.25 0.25 0.25 0 0 0.5814 0.4186
ID990 1 2 2 122 40 0.25 0.25 0.25 0.25 0.5138 0 0.4862 0
ID991 1 2 2 122 40 0.25 0.25 0.25 0.25 0.5138 0 0.4862 0
ID992 3 2 3 323 47 0.25 0.25 0.25 0.25 0 1 0 0
ID993 1 2 3 123 44 0.25 0.25 0.25 0.25 0.0556 0.9444 0 0
ID994 2 1 1 211 52 0.25 0.25 0.25 0.25 0 0 0.3333 0.6667
ID995 3 2 4 324 54 0.25 0.25 0.25 0.25 0 0 0.5814 0.4186
ID996 1 1 1 111 47 0.25 0.25 0.25 0.25 0.5733 0 0 0.4267
ID997 2 1 1 211 52 0.25 0.25 0.25 0.25 0 0 0.3333 0.6667
ID998 2 1 3 213 55 0.25 0.25 0.25 0.25 0 0.6667 0.3333 0
ID999 3 2 1 321 41 0.25 0.25 0.25 0.25 0 0 0 1
